loc = [...
  0  54  53  20 ; ...
  1  53  61  19 ; ...
  2  58  66  20 ; ...
  3  60  65  19 ; ...
  4  60  66  20 ; ...
  5  60  66  20 ; ...
  6  60  67  19 ; ...
  7  62  68  18 ; ...
  8  63  61  17 ; ...
  9  63  58  16 ; ...
 10  66  58  16 ; ...
 11  66  53  16 ; ...
 12  68  52  16 ; ...
 13  68  59  16 ; ...
 14  67  59  16 ; ...
 15  68  58  16 ; ...
 16  66  58  16 ; ...
 17  66  56  16 ; ...
 18  65  57  16 ; ...
 19  65  55  16 ; ...
 20  66  55  16 ; ...
 21  66  54  16 ; ...
 22  66  55  16 ; ...
 23  66  56  16 ; ...
 24  67  55  16 ; ...
 25  68  55  16 ; ...
 26  67  50  16 ; ...
 27  68  49  16 ; ...
 28  68  48  16 ; ...
 29  68  49  16 ; ...
 30  68  49  16 ; ...
 31  68  49  16 ; ...
 32  68  49  16 ; ...
 33  67  49  16 ; ...
 34  69  52  16 ; ...
 35  72  52  16 ; ...
 36  76  56  16 ; ...
 37  82  59  16 ; ...
 38  90  61  17 ; ...
 39  98  63  18 ; ...
 40 103  61  19 ; ...
 41 104  61  18 ; ...
 42 100  62  17 ; ...
 43  92  57  18 ; ...
 44  84  54  19 ; ...
 45  76  54  20 ; ...
 46  68  53  21 ; ...
 47  60  57  22 ; ...
 48  52  57  23 ; ...
 49  44  49  22 ; ...
 50  36  44  21 ; ...
 51  30  41  20 ; ...
 52  32  43  19 ; ...
 53  33  45  18 ; ...
 54  34  45  19 ; ...
 55  42  47  18 ; ...
 56  50  48  17 ; ...
 57  58  49  16 ; ...
 58  63  45  16 ; ...
 59  63  37  16 ; ...
 60  65  37  16 ; ...
 61  64  43  16 ; ...
 62  61  43  16 ; ...
 63  59  43  16 ; ...
 64  53  43  17 ; ...
 65  52  42  18 ; ...
 66  50  39  19 ; ...
 67  50  36  18 ; ...
 68  58  36  17 ; ...
 69  59  39  16 ; ...
 70  57  47  17 ; ...
 71  59  49  16 ; ...
 72  61  48  17 ; ...
 73  62  48  18 ; ...
 74  64  47  19 ; ...
 75  67  44  20 ; ...
 76  70  43  20 ; ...
 77  75  45  20 ; ...
 78  80  45  21 ; ...
 79  83  42  22 ; ...
 80  84  43  21 ; ...
 81  80  43  20 ; ...
 82  80  43  19 ; ...
 83  85  43  18 ; ...
 84  87  43  17 ; ...
 85  92  45  18 ; ...
 86  98  47  19 ; ...
 87  97  49  20 ; ...
 88  94  43  21 ; ...
 89  91  35  22 ; ...
 90  86  34  22 ; ...
 91  80  33  22 ; ...
 92  75  33  21 ; ...
 93  71  35  20 ; ...
 94  70  37  19 ; ...
 95  68  41  19 ; ...
 96  67  44  18 ; ...
 97  67  43  17 ; ...
 98  68  43  16 ; ...
 99  71  43  16 ; ...
100  74  43  16 ; ...
101  79  43  16 ; ...
102  84  42  16 ; ...
103  91  42  17 ; ...
104  91  40  18 ; ...
105  88  39  18 ; ...
106  91  41  19 ; ...
107  91  41  19 ; ...
108  88  41  19 ; ...
109  84  43  18 ; ...
110  78  42  18 ; ...
111  72  44  18 ; ...
112  68  43  19 ; ...
113  64  41  18 ; ...
114  59  39  18 ; ...
115  55  37  18 ; ...
116  51  37  18 ; ...
117  47  39  19 ; ...
118  41  38  20 ; ...
119  39  36  19 ; ...
120  38  40  20 ; ...
121  36  44  21 ; ...
122  34  43  22 ; ...
123  28  45  21 ; ...
124  28  45  20 ; ...
125  28  42  19 ; ...
126  23  43  18 ; ...
127  23  44  18 ; ...
128  22  42  17 ; ...
129  23  43  18 ; ...
130  22  45  17 ; ...
131  21  42  16 ; ...
132  22  45  17 ; ...
133  21  45  16 ; ...
134  21  45  16 ; ...
135  21  52  16 ; ...
136  21  51  16 ; ...
137  21  46  16 ; ...
138  21  43  16 ; ...
139  21  43  16 ; ...
140  21  45  16 ; ...
141  21  45  16 ; ...
142  21  46  16 ; ...
143  24  47  16 ; ...
144  31  48  16 ; ...
145  38  47  16 ; ...
146  46  49  16 ; ...
147  51  51  16 ; ...
148  55  48  16 ; ...
149  57  48  16 ; ...
150  60  50  16 ; ...
151  60  49  16 ; ...
152  53  49  16 ; ...
153  50  55  17 ; ...
154  47  59  18 ; ...
155  41  59  18 ; ...
156  39  63  19 ; ...
157  44  67  19 ; ...
158  47  68  18 ; ...
159  49  67  19 ; ...
160  53  66  20 ; ...
161  53  64  19 ; ...
162  56  57  18 ; ...
163  64  54  19 ; ...
164  70  55  19 ; ...
165  76  56  18 ; ...
166  83  59  19 ; ...
167  84  61  18 ; ...
168  81  63  19 ; ...
169  76  67  18 ; ...
170  74  66  18 ; ...
171  72  60  19 ; ...
172  64  60  19 ; ...
173  57  59  20 ; ...
174  56  53  20 ; ...
175  54  49  19 ; ...
176  50  49  18 ; ...
177  51  50  18 ; ...
178  51  53  19 ; ...
179  54  55  19 ; ...
180  62  49  19 ; ...
181  67  48  20 ; ...
182  64  55  19 ; ...
183  64  55  19 ; ...
184  72  47  20 ; ...
185  74  46  19 ; ...
186  71  49  18 ; ...
187  67  52  17 ; ...
188  64  52  16 ; ...
189  68  45  16 ; ...
190  68  45  17 ; ...
191  60  46  16 ; ...
192  59  41  16 ; ...
193  63  39  17 ; ...
194  66  39  18 ; ...
195  69  38  19 ; ...
196  74  39  19 ; ...
197  82  40  18 ; ...
198  89  41  18 ; ...
199  96  42  18 ; ...
200 104  45  18 ; ...
201 104  48  18 ; ...
202 104  47  18 ; ...
203 105  45  17 ; ...
204 106  45  16 ; ...
205 106  47  16 ; ...
206 106  47  16 ; ...
207 106  47  16 ; ...
208 105  47  16 ; ...
209 105  46  16 ; ...
210 104  46  16 ; ...
211 102  48  16 ; ...
212  96  47  16 ; ...
213  91  48  16 ; ...
214  86  47  16 ; ...
215  81  45  16 ; ...
216  75  48  16 ; ...
217  68  48  16 ; ...
218  62  48  16 ; ...
219  61  47  16 ; ...
220  58  48  16 ; ...
221  58  47  16 ; ...
222  58  47  16 ; ...
223  55  48  16 ; ...
224  56  47  16 ; ...
225  54  49  16 ; ...
226  56  47  16 ; ...
227  56  47  16 ; ...
228  56  47  16 ; ...
229  56  47  16 ; ...
230  56  45  16 ; ...
231  59  44  16 ; ...
232  54  48  17 ; ...
233  54  53  18 ; ...
234  60  53  17 ; ...
235  63  48  16 ; ...
236  65  46  16 ; ...
237  65  47  16 ; ...
238  65  47  16 ; ...
239  67  46  16 ; ...
240  66  47  16 ; ...
241  67  48  16 ; ...
242  67  47  16 ; ...
243  64  43  16 ; ...
244  62  37  16 ; ...
245  56  37  16 ; ...
246  56  45  16 ; ...
247  64  47  16 ; ...
248  67  43  16 ; ...
249  69  40  16 ; ...
250  73  39  17 ; ...
251  76  43  18 ; ...
252  82  45  18 ; ...
253  86  47  18 ; ...
254  87  50  19 ; ...
255  91  48  18 ; ...
256  92  51  18 ; ...
257  92  52  18 ; ...
258  90  53  18 ; ...
259  82  55  18 ; ...
260  74  54  19 ; ...
261  66  54  18 ; ...
262  64  53  18 ; ...
263  62  50  18 ; ...
264  59  49  18 ; ...
265  57  48  18 ; ...
266  53  47  19 ; ...
267  48  45  18 ; ...
268  44  43  18 ; ...
269  44  43  19 ; ...
270  42  43  18 ; ...
271  42  43  18 ; ...
272  42  41  18 ; ...
273  44  41  18 ; ...
274  48  39  18 ; ...
275  51  39  18 ; ...
276  54  43  17 ; ...
277  58  41  16 ; ...
278  61  40  16 ; ...
279  61  41  16 ; ...
280  60  41  16 ; ...
281  61  45  16 ; ...
282  61  45  16 ; ...
283  61  41  16 ; ...
284  60  41  16 ; ...
285  59  40  16 ; ...
286  58  41  17 ; ...
287  56  42  18 ; ...
288  56  43  17 ; ...
289  55  44  18 ; ...
290  56  41  18 ; ...
291  55  44  18 ; ...
292  56  43  18 ; ...
293  57  42  18 ; ...
294  55  49  18 ; ...
295  57  54  19 ; ...
296  56  59  20 ; ...
297  56  64  19 ; ...
298  64  61  20 ; ...
299  65  61  21 ; ...
300  58  64  22 ; ...
301  54  63  23 ; ...
302  54  61  24 ; ...
303  52  61  24 ; ...
304  50  61  24 ; ...
305  51  61  24 ; ...
306  48  61  24 ; ...
307  48  59  24 ; ...
308  51  61  24 ; ...
309  54  61  24 ; ...
310  57  61  24 ; ...
311  60  61  24 ; ...
312  60  58  24 ; ...
313  60  55  24 ; ...
314  62  54  24 ; ...
315  63  52  24 ; ...
316  62  46  24 ; ...
317  62  42  24 ; ...
318  62  40  24 ; ...
319  61  40  24 ; ...
320  62  40  24 ; ...
321  61  39  24 ; ...
322  64  38  24 ; ...
323  68  34  24 ; ...
324  69  34  24 ; ...
325  67  34  24 ; ...
326  68  34  24 ; ...
327  66  34  24 ; ...
328  63  34  24 ; ...
329  62  34  24 ; ...
330  61  34  24 ; ...
331  59  34  24 ; ...
332  60  35  24 ; ...
333  60  37  24 ; ...
334  58  39  24 ; ...
335  56  44  24 ; ...
336  56  42  24 ; ...
337  56  42  24 ; ...
338  55  44  24 ; ...
339  57  44  24 ; ...
340  59  42  24 ; ...
341  58  42  24 ; ...
342  58  42  24 ; ...
343  59  43  24 ; ...
344  60  48  24 ; ...
345  66  53  24 ; ...
346  66  61  24 ; ...
347  67  61  24 ; ...
348  69  61  24 ; ...
349  71  61  24 ; ...
350  71  61  24 ; ...
351  71  61  24 ; ...
352  71  61  24 ; ...
353  71  61  24 ; ...
354  72  61  24 ; ...
355  70  61  24 ; ...
356  73  61  24 ; ...
357  72  61  24 ; ...
358  72  61  24 ; ...
359  72  61  24 ; ...
360  72  61  23 ; ...
361  73  61  24 ; ...
362  72  61  23 ; ...
