loc = [...
  0  56  47  19 ; ...
  1  55  45  18 ; ...
  2  55  44  18 ; ...
  3  55  44  17 ; ...
  4  56  44  17 ; ...
  5  57  44  16 ; ...
  6  58  45  16 ; ...
  7  59  47  16 ; ...
  8  62  48  16 ; ...
  9  64  49  16 ; ...
 10  67  49  16 ; ...
 11  67  50  16 ; ...
 12  68  51  16 ; ...
 13  71  55  16 ; ...
 14  70  55  16 ; ...
 15  70  57  16 ; ...
 16  71  65  16 ; ...
 17  69  69  16 ; ...
 18  68  67  16 ; ...
 19  69  65  16 ; ...
 20  67  61  16 ; ...
 21  66  55  16 ; ...
 22  65  57  16 ; ...
 23  66  57  16 ; ...
 24  66  57  16 ; ...
 25  66  57  16 ; ...
 26  67  52  16 ; ...
 27  68  50  16 ; ...
 28  68  50  16 ; ...
 29  66  51  16 ; ...
 30  70  50  16 ; ...
 31  69  49  16 ; ...
 32  68  50  16 ; ...
 33  67  50  16 ; ...
 34  68  51  16 ; ...
 35  70  52  16 ; ...
 36  72  53  16 ; ...
 37  80  57  16 ; ...
 38  88  61  16 ; ...
 39  96  61  16 ; ...
 40 103  58  16 ; ...
 41 102  57  17 ; ...
 42  94  56  18 ; ...
 43  93  55  18 ; ...
 44  92  51  19 ; ...
 45  86  51  20 ; ...
 46  86  58  20 ; ...
 47  85  65  21 ; ...
 48  85  66  20 ; ...
 49  87  63  19 ; ...
 50  86  67  19 ; ...
 51  87  69  18 ; ...
 52  90  64  17 ; ...
 53  94  60  16 ; ...
 54 100  60  16 ; ...
 55 106  61  16 ; ...
 56 106  64  16 ; ...
 57 102  70  17 ; ...
 58 104  70  17 ; ...
 59 106  70  16 ; ...
 60 100  71  16 ; ...
 61  92  66  17 ; ...
 62  86  62  16 ; ...
 63  88  57  16 ; ...
 64  88  49  16 ; ...
 65  83  48  16 ; ...
 66  85  47  17 ; ...
 67  91  47  18 ; ...
 68  97  47  18 ; ...
 69  98  46  17 ; ...
 70  99  47  16 ; ...
 71  98  47  16 ; ...
 72  96  51  17 ; ...
 73  97  51  18 ; ...
 74  99  53  19 ; ...
 75 100  55  18 ; ...
 76 101  55  18 ; ...
 77 103  59  19 ; ...
 78 104  57  18 ; ...
 79 104  57  18 ; ...
 80 104  57  18 ; ...
 81 105  57  17 ; ...
 82 106  58  16 ; ...
 83 105  58  17 ; ...
 84 106  57  16 ; ...
 85 105  56  17 ; ...
 86 103  57  16 ; ...
 87 106  59  16 ; ...
 88 103  60  17 ; ...
 89  96  55  16 ; ...
 90  88  57  16 ; ...
 91  80  58  17 ; ...
 92  72  58  17 ; ...
 93  68  61  18 ; ...
 94  66  63  19 ; ...
 95  68  66  20 ; ...
 96  68  66  20 ; ...
 97  68  66  20 ; ...
 98  68  67  19 ; ...
 99  67  66  20 ; ...
100  71  65  21 ; ...
101  76  65  21 ; ...
102  83  65  20 ; ...
103  86  65  20 ; ...
104  82  65  21 ; ...
105  80  64  22 ; ...
106  84  63  23 ; ...
107  82  63  23 ; ...
108  79  63  23 ; ...
109  77  63  23 ; ...
110  70  63  23 ; ...
111  63  63  23 ; ...
112  59  63  23 ; ...
113  55  63  23 ; ...
114  50  61  24 ; ...
115  50  55  23 ; ...
116  48  48  22 ; ...
117  43  47  21 ; ...
118  40  45  20 ; ...
119  37  45  19 ; ...
120  34  45  20 ; ...
121  31  45  20 ; ...
122  29  45  20 ; ...
123  26  44  19 ; ...
124  27  45  19 ; ...
125  26  46  19 ; ...
126  24  45  19 ; ...
127  24  45  19 ; ...
128  24  46  19 ; ...
129  24  47  19 ; ...
130  23  52  18 ; ...
131  25  57  19 ; ...
132  23  60  18 ; ...
133  23  55  18 ; ...
134  30  52  19 ; ...
135  38  49  20 ; ...
136  40  43  21 ; ...
137  42  44  22 ; ...
138  42  46  21 ; ...
139  37  49  20 ; ...
140  40  52  21 ; ...
141  48  53  22 ; ...
142  56  54  23 ; ...
143  64  55  24 ; ...
144  64  53  23 ; ...
145  64  53  23 ; ...
146  70  53  22 ; ...
147  75  53  23 ; ...
148  78  53  23 ; ...
149  82  52  22 ; ...
150  83  54  22 ; ...
151  82  54  22 ; ...
152  81  53  23 ; ...
153  81  53  23 ; ...
154  83  54  22 ; ...
155  81  53  23 ; ...
156  77  53  23 ; ...
157  72  55  23 ; ...
158  71  54  23 ; ...
159  76  53  23 ; ...
160  77  55  24 ; ...
161  78  51  23 ; ...
162  84  45  22 ; ...
163  90  43  23 ; ...
164  93  39  22 ; ...
165  93  39  22 ; ...
166  93  47  21 ; ...
167  90  49  22 ; ...
168  89  51  22 ; ...
169  87  51  22 ; ...
170  82  51  22 ; ...
171  76  51  23 ; ...
172  69  48  23 ; ...
173  62  45  23 ; ...
174  58  43  22 ; ...
175  54  41  21 ; ...
176  50  41  20 ; ...
177  48  41  19 ; ...
178  49  41  18 ; ...
179  53  41  19 ; ...
180  58  41  19 ; ...
181  61  43  18 ; ...
182  64  41  17 ; ...
183  67  45  17 ; ...
184  69  51  18 ; ...
185  71  55  17 ; ...
186  74  61  17 ; ...
187  78  68  16 ; ...
188  80  70  17 ; ...
189  80  69  18 ; ...
190  74  67  19 ; ...
191  68  66  20 ; ...
192  63  67  19 ; ...
193  59  64  19 ; ...
194  61  61  18 ; ...
195  66  57  17 ; ...
196  72  55  16 ; ...
197  80  53  16 ; ...
198  88  46  16 ; ...
199  96  42  17 ; ...
200 102  42  18 ; ...
201 105  44  17 ; ...
202 106  43  16 ; ...
203 102  37  17 ; ...
204  94  35  17 ; ...
205  86  35  18 ; ...
206  78  37  19 ; ...
207  74  43  20 ; ...
208  73  49  20 ; ...
209  74  57  21 ; ...
210  74  57  20 ; ...
211  76  52  19 ; ...
212  84  50  18 ; ...
213  92  49  17 ; ...
214  96  53  16 ; ...
215  99  55  16 ; ...
216  99  57  17 ; ...
217  92  57  17 ; ...
218  84  54  18 ; ...
219  82  54  18 ; ...
220  81  54  19 ; ...
221  74  52  18 ; ...
222  74  52  17 ; ...
223  74  54  17 ; ...
224  73  54  18 ; ...
225  75  57  17 ; ...
226  73  56  18 ; ...
227  75  57  17 ; ...
228  74  57  18 ; ...
229  74  56  19 ; ...
230  78  55  19 ; ...
231  78  47  19 ; ...
232  75  44  19 ; ...
233  76  49  20 ; ...
234  82  56  19 ; ...
235  83  56  19 ; ...
236  84  57  18 ; ...
237  84  58  18 ; ...
238  84  58  18 ; ...
239  84  57  18 ; ...
240  84  57  18 ; ...
241  84  57  18 ; ...
242  84  57  18 ; ...
243  85  62  17 ; ...
244  86  61  16 ; ...
245  90  62  16 ; ...
246  90  61  16 ; ...
247  86  61  16 ; ...
248  86  62  16 ; ...
249  87  57  16 ; ...
250  87  55  16 ; ...
251  87  54  16 ; ...
252  85  49  16 ; ...
253  85  42  16 ; ...
254  87  43  16 ; ...
255  86  49  17 ; ...
256  85  54  16 ; ...
257  85  59  17 ; ...
258  81  61  17 ; ...
259  74  61  17 ; ...
260  68  61  17 ; ...
261  62  60  17 ; ...
262  60  59  17 ; ...
263  58  57  17 ; ...
264  53  55  16 ; ...
265  52  55  16 ; ...
266  49  52  17 ; ...
267  44  51  16 ; ...
268  39  49  16 ; ...
269  40  46  16 ; ...
270  40  43  17 ; ...
271  39  40  16 ; ...
272  41  42  16 ; ...
273  43  41  16 ; ...
274  46  41  16 ; ...
275  49  41  16 ; ...
276  53  40  16 ; ...
277  51  44  16 ; ...
278  52  44  16 ; ...
279  56  40  16 ; ...
280  56  40  16 ; ...
281  56  41  16 ; ...
282  55  40  16 ; ...
283  55  40  16 ; ...
284  55  41  16 ; ...
285  54  41  16 ; ...
286  54  38  16 ; ...
287  51  38  16 ; ...
288  52  43  16 ; ...
289  54  41  16 ; ...
290  55  41  16 ; ...
291  56  41  16 ; ...
292  56  41  16 ; ...
293  56  41  16 ; ...
294  53  41  17 ; ...
295  52  41  16 ; ...
296  53  41  17 ; ...
297  57  41  16 ; ...
298  56  41  16 ; ...
299  53  49  17 ; ...
300  58  49  16 ; ...
301  58  48  16 ; ...
302  52  54  16 ; ...
303  52  55  16 ; ...
304  53  50  16 ; ...
305  51  51  16 ; ...
306  48  53  16 ; ...
307  50  52  17 ; ...
308  54  53  17 ; ...
309  58  53  17 ; ...
310  61  52  18 ; ...
311  62  50  18 ; ...
312  63  47  18 ; ...
313  64  44  19 ; ...
314  63  40  19 ; ...
315  63  37  19 ; ...
316  65  33  20 ; ...
317  66  29  20 ; ...
318  66  29  20 ; ...
319  66  29  20 ; ...
320  67  29  20 ; ...
321  67  29  20 ; ...
322  67  29  20 ; ...
323  67  29  20 ; ...
324  67  29  20 ; ...
325  66  29  20 ; ...
326  66  29  20 ; ...
327  65  29  20 ; ...
328  63  28  19 ; ...
329  63  28  19 ; ...
330  61  28  19 ; ...
331  59  28  19 ; ...
332  58  30  19 ; ...
333  57  33  19 ; ...
334  56  36  19 ; ...
335  56  39  19 ; ...
336  56  39  19 ; ...
337  55  39  19 ; ...
338  55  39  19 ; ...
339  56  39  19 ; ...
340  56  39  19 ; ...
341  57  39  19 ; ...
342  59  39  20 ; ...
343  60  41  20 ; ...
344  61  49  20 ; ...
345  63  54  20 ; ...
346  66  59  21 ; ...
347  67  65  21 ; ...
348  68  65  21 ; ...
349  67  66  20 ; ...
350  70  65  21 ; ...
351  70  65  20 ; ...
352  68  65  21 ; ...
353  67  63  20 ; ...
354  68  65  21 ; ...
355  70  64  22 ; ...
356  70  63  23 ; ...
357  69  61  24 ; ...
358  70  63  23 ; ...
359  71  63  22 ; ...
360  69  63  21 ; ...
361  67  66  20 ; ...
362  68  65  21 ; ...
