loc = [ ...
  1  61  50 ; ...
  2  62  50 ; ...
  3  62  50 ; ...
  4  63  49 ; ...
  5  63  49 ; ...
  6  64  49 ; ...
  7  65  49 ; ...
  8  66  52 ; ...
  9  66  52 ; ...
 10  68  52 ; ...
 11  68  52 ; ...
 12  69  52 ; ...
 13  70  52 ; ...
 14  70  52 ; ...
 15  71  53 ; ...
 16  70  54 ; ...
 17  69  57 ; ...
 18  66  57 ; ...
 19  64  57 ; ...
 20  62  56 ; ...
 21  63  54 ; ...
 22  64  54 ; ...
 23  65  53 ; ...
 24  65  54 ; ...
 25  65  54 ; ...
 26  65  54 ; ...
 27  65  50 ; ...
 28  66  48 ; ...
 29  66  48 ; ...
 30  68  48 ; ...
 31  69  47 ; ...
 32  69  45 ; ...
 33  68  46 ; ...
 34  68  48 ; ...
 35  68  49 ; ...
 36  70  50 ; ...
 37  73  50 ; ...
 38  85  55 ; ...
 39  96  55 ; ...
 40 107  58 ; ...
 41 109  58 ; ...
 42 106  57 ; ...
 43  96  57 ; ...
 44  71  56 ; ...
 45  55  55 ; ...
 46  45  54 ; ...
 47  41  51 ; ...
 48  39  48 ; ...
 49  37  46 ; ...
 50  35  41 ; ...
 51  33  37 ; ...
 52  31  34 ; ...
 53  32  34 ; ...
 54  39  34 ; ...
 55  45  35 ; ...
 56  52  37 ; ...
 57  56  38 ; ...
 58  59  38 ; ...
 59  61  35 ; ...
 60  61  35 ; ...
 61  62  39 ; ...
 62  62  43 ; ...
 63  60  45 ; ...
 64  56  45 ; ...
 65  51  45 ; ...
 66  49  44 ; ...
 67  48  39 ; ...
 68  57  35 ; ...
 69  61  36 ; ...
 70  62  40 ; ...
 71  63  47 ; ...
 72  61  47 ; ...
 73  61  43 ; ...
 74  63  44 ; ...
 75  66  45 ; ...
 76  68  44 ; ...
 77  71  44 ; ...
 78  76  44 ; ...
 79  79  44 ; ...
 80  82  41 ; ...
 81  83  38 ; ...
 82  83  39 ; ...
 83  78  40 ; ...
 84  78  40 ; ...
 85  77  38 ; ...
 86  83  38 ; ...
 87  88  42 ; ...
 88  92  43 ; ...
 89  89  43 ; ...
 90  86  43 ; ...
 91  81  41 ; ...
 92  79  42 ; ...
 93  77  42 ; ...
 94  75  44 ; ...
 95  71  46 ; ...
 96  71  46 ; ...
 97  71  48 ; ...
 98  69  49 ; ...
 99  71  50 ; ...
100  76  49 ; ...
101  80  49 ; ...
102  84  49 ; ...
103  86  49 ; ...
104  89  47 ; ...
105  92  47 ; ...
106  93  49 ; ...
107  93  47 ; ...
108  92  49 ; ...
109  90  49 ; ...
110  85  49 ; ...
111  80  50 ; ...
112  71  50 ; ...
113  66  49 ; ...
114  66  49 ; ...
115  61  49 ; ...
116  56  49 ; ...
117  52  49 ; ...
118  46  49 ; ...
119  42  48 ; ...
120  38  48 ; ...
121  36  48 ; ...
122  33  48 ; ...
123  30  49 ; ...
124  29  49 ; ...
125  29  49 ; ...
126  29  49 ; ...
127  25  49 ; ...
128  23  49 ; ...
129  19  50 ; ...
130  18  50 ; ...
131  15  50 ; ...
132  14  51 ; ...
133  12  51 ; ...
134  11  51 ; ...
135   8  51 ; ...
136   4  53 ; ...
137   7  53 ; ...
138   9  53 ; ...
139  12  52 ; ...
140  15  52 ; ...
141  17  51 ; ...
142  20  52 ; ...
143  22  53 ; ...
144  25  54 ; ...
145  33  55 ; ...
146  43  54 ; ...
147  49  53 ; ...
148  54  53 ; ...
149  58  53 ; ...
150  61  53 ; ...
151  61  54 ; ...
152  61  54 ; ...
153  55  56 ; ...
154  52  56 ; ...
155  49  57 ; ...
156  43  60 ; ...
157  43  60 ; ...
158  45  61 ; ...
159  47  64 ; ...
160  50  66 ; ...
161  55  66 ; ...
162  61  63 ; ...
163  63  57 ; ...
164  66  53 ; ...
165  71  52 ; ...
166  75  52 ; ...
167  85  53 ; ...
168  86  55 ; ...
169  86  57 ; ...
170  84  57 ; ...
171  81  58 ; ...
172  73  53 ; ...
173  65  49 ; ...
174  61  44 ; ...
175  58  40 ; ...
176  53  39 ; ...
177  52  40 ; ...
178  52  41 ; ...
179  51  43 ; ...
180  54  43 ; ...
181  61  42 ; ...
182  62  43 ; ...
183  62  43 ; ...
184  66  42 ; ...
185  68  49 ; ...
186  71  51 ; ...
187  72  52 ; ...
188  75  55 ; ...
189  76  57 ; ...
190  70  58 ; ...
191  65  56 ; ...
192  60  53 ; ...
193  56  48 ; ...
194  58  47 ; ...
195  60  45 ; ...
196  68  42 ; ...
197  74  42 ; ...
198  83  45 ; ...
199  87  43 ; ...
200  97  46 ; ...
201 102  46 ; ...
202 110  48 ; ...
203 114  47 ; ...
204 116  47 ; ...
205 116  46 ; ...
206 114  47 ; ...
207 113  47 ; ...
208 111  49 ; ...
209 109  49 ; ...
210 107  50 ; ...
211 104  50 ; ...
212 101  52 ; ...
213  96  52 ; ...
214  90  52 ; ...
215  87  52 ; ...
216  83  52 ; ...
217  74  52 ; ...
218  69  50 ; ...
219  63  50 ; ...
220  60  50 ; ...
221  60  50 ; ...
222  57  50 ; ...
223  56  50 ; ...
224  55  52 ; ...
225  54  52 ; ...
226  54  52 ; ...
227  54  51 ; ...
228  55  51 ; ...
229  52  51 ; ...
230  52  52 ; ...
231  52  52 ; ...
232  56  52 ; ...
233  57  51 ; ...
234  58  52 ; ...
235  60  52 ; ...
236  62  52 ; ...
237  63  52 ; ...
238  63  52 ; ...
239  63  52 ; ...
240  62  51 ; ...
241  62  52 ; ...
242  64  52 ; ...
243  64  53 ; ...
244  63  53 ; ...
245  64  53 ; ...
246  64  53 ; ...
247  63  53 ; ...
248  63  54 ; ...
249  69  51 ; ...
250  70  47 ; ...
251  72  46 ; ...
252  77  47 ; ...
253  83  50 ; ...
254  87  53 ; ...
255  89  51 ; ...
256  91  53 ; ...
257  93  58 ; ...
258  94  59 ; ...
259  90  60 ; ...
260  81  61 ; ...
261  72  63 ; ...
262  67  61 ; ...
263  59  57 ; ...
264  61  56 ; ...
265  57  56 ; ...
266  57  53 ; ...
267  54  53 ; ...
268  47  49 ; ...
269  45  49 ; ...
270  43  48 ; ...
271  42  45 ; ...
272  40  42 ; ...
273  42  42 ; ...
274  46  42 ; ...
275  48  44 ; ...
276  51  44 ; ...
277  53  44 ; ...
278  58  45 ; ...
279  60  45 ; ...
280  60  43 ; ...
281  59  44 ; ...
282  59  44 ; ...
283  59  44 ; ...
284  61  43 ; ...
285  56  44 ; ...
286  58  45 ; ...
287  58  45 ; ...
288  58  45 ; ...
289  58  45 ; ...
290  58  44 ; ...
291  58  44 ; ...
292  59  44 ; ...
293  59  44 ; ...
294  60  45 ; ...
295  60  45 ; ...
296  61  43 ; ...
297  60  43 ; ...
298  60  43 ; ...
299  60  43 ; ...
300  64  51 ; ...
301  64  51 ; ...
302  64  51 ; ...
303  61  52 ; ...
304  61  54 ; ...
305  58  54 ; ...
306  57  54 ; ...
307  54  54 ; ...
308  51  56 ; ...
309  55  56 ; ...
310  60  54 ; ...
311  63  55 ; ...
312  65  54 ; ...
313  67  49 ; ...
314  68  49 ; ...
315  68  47 ; ...
316  67  45 ; ...
317  69  41 ; ...
318  69  35 ; ...
319  70  32 ; ...
320  70  32 ; ...
321  70  30 ; ...
322  71  32 ; ...
323  70  32 ; ...
324  70  32 ; ...
325  70  31 ; ...
326  70  31 ; ...
327  69  31 ; ...
328  67  31 ; ...
329  67  29 ; ...
330  66  31 ; ...
331  64  31 ; ...
332  59  35 ; ...
333  61  35 ; ...
334  61  35 ; ...
335  60  40 ; ...
336  60  43 ; ...
337  59  45 ; ...
338  55  46 ; ...
339  59  44 ; ...
340  60  43 ; ...
341  60  44 ; ...
342  60  44 ; ...
343  60  44 ; ...
344  63  49 ; ...
345  67  57 ; ...
346  66  55 ; ...
347  72  65 ; ...
348  72  75 ; ...
349  74  78 ; ...
350  74  78 ; ...
351  75  78 ; ...
352  75  78 ; ...
353  75  78 ; ...
354  74  75 ; ...
355  73  75 ; ...
356  72  75 ; ...
357  73  73 ; ...
358  76  68 ; ...
359  76  68 ; ...
360  76  68 ; ...
361  76  68 ; ...
362  76  68 ; ...
363  76  69 ; ...
364  73  69 ; ...
365  71  69 ; ...
366  72  66 ; ...
367  72  62 ; ...
368  73  59 ; ...
369  73  59 ; ...
370  76  57 ; ...
371  76  57 ; ...
372  76  56 ; ...
373  81  57 ; ...
374  85  59 ; ...
375  91  63 ; ...
376  97  64 ; ...
377 100  64 ; ...
378  98  63 ; ...
379  91  63 ; ...
380  82  61 ; ...
381  80  58 ; ...
382  81  57 ; ...
383  82  54 ; ...
384  83  51 ; ...
385  82  50 ; ...
386  85  49 ; ...
387  86  44 ; ...
388  86  43 ; ...
389  87  43 ; ...
390  88  43 ; ...
391  86  43 ; ...
392  76  43 ; ...
393  69  43 ; ...
394  64  45 ; ...
395  58  45 ; ...
396  54  45 ; ...
397  49  45 ; ...
398  50  45 ; ...
399  50  42 ; ...
400  48  39 ; ...
401  47  40 ; ...
402  46  39 ; ...
403  46  39 ; ...
404  47  42 ; ...
405  48  40 ; ...
406  45  40 ; ...
407  42  39 ; ...
408  39  39 ; ...
409  37  39 ; ...
410  35  39 ; ...
411  35  39 ; ...
412  35  39 ; ...
413  39  39 ; ...
414  42  39 ; ...
415  43  39 ; ...
416  41  39 ; ...
417  39  39 ; ...
418  33  37 ; ...
419  32  36 ; ...
420  31  36 ; ...
421  27  36 ; ...
422  27  36 ; ...
423  23  36 ; ...
424  23  36 ; ...
425  23  36 ; ...
426  28  39 ; ...
427  34  36 ; ...
428  37  38 ; ...
429  37  37 ; ...
430  38  37 ; ...
431  43  37 ; ...
432  45  38 ; ...
433  47  39 ; ...
434  50  39 ; ...
435  56  40 ; ...
436  65  40 ; ...
437  70  39 ; ...
438  80  39 ; ...
439  85  43 ; ...
440  94  47 ; ...
441  99  47 ; ...
442 100  47 ; ...
443 104  47 ; ...
