loc = [...
  0  59  46  20 ; ...
  1  56  45  19 ; ...
  2  55  44  18 ; ...
  3  56  44  17 ; ...
  4  56  44  17 ; ...
  5  57  44  16 ; ...
  6  58  46  16 ; ...
  7  63  47  17 ; ...
  8  63  48  16 ; ...
  9  64  48  16 ; ...
 10  66  49  16 ; ...
 11  67  50  16 ; ...
 12  68  51  16 ; ...
 13  70  54  16 ; ...
 14  70  55  16 ; ...
 15  69  55  16 ; ...
 16  72  59  16 ; ...
 17  71  67  17 ; ...
 18  71  67  17 ; ...
 19  71  63  18 ; ...
 20  71  61  18 ; ...
 21  71  60  19 ; ...
 22  69  60  18 ; ...
 23  64  58  17 ; ...
 24  64  57  16 ; ...
 25  66  56  16 ; ...
 26  67  51  16 ; ...
 27  67  50  16 ; ...
 28  68  51  16 ; ...
 29  68  51  16 ; ...
 30  68  51  16 ; ...
 31  69  49  16 ; ...
 32  67  50  16 ; ...
 33  67  50  16 ; ...
 34  68  51  16 ; ...
 35  70  52  16 ; ...
 36  74  53  16 ; ...
 37  82  55  16 ; ...
 38  90  59  16 ; ...
 39  98  60  16 ; ...
 40 104  58  16 ; ...
 41 102  57  16 ; ...
 42  96  54  17 ; ...
 43  97  57  16 ; ...
 44  96  65  17 ; ...
 45  88  69  18 ; ...
 46  86  67  19 ; ...
 47  86  67  19 ; ...
 48  86  66  19 ; ...
 49  87  61  19 ; ...
 50  87  55  19 ; ...
 51  87  47  20 ; ...
 52  87  47  20 ; ...
 53  91  47  20 ; ...
 54  98  46  20 ; ...
 55 102  46  20 ; ...
 56 103  45  19 ; ...
 57 102  43  20 ; ...
 58  97  37  20 ; ...
 59  98  39  20 ; ...
 60 100  45  21 ; ...
 61 100  48  22 ; ...
 62  99  52  23 ; ...
 63  94  51  22 ; ...
 64  90  44  21 ; ...
 65  90  44  22 ; ...
 66  89  44  21 ; ...
 67  89  39  20 ; ...
 68  95  40  20 ; ...
 69 100  46  19 ; ...
 70  99  52  19 ; ...
 71  96  59  19 ; ...
 72  96  60  19 ; ...
 73  96  58  19 ; ...
 74  96  57  19 ; ...
 75  98  58  18 ; ...
 76 101  58  17 ; ...
 77 103  56  16 ; ...
 78 103  54  16 ; ...
 79 106  53  16 ; ...
 80 106  59  16 ; ...
 81 105  59  17 ; ...
 82 104  57  18 ; ...
 83 101  55  18 ; ...
 84 104  53  18 ; ...
 85 104  56  18 ; ...
 86 105  54  17 ; ...
 87 104  53  18 ; ...
 88  96  53  17 ; ...
 89  91  52  17 ; ...
 90  90  57  17 ; ...
 91  86  60  18 ; ...
 92  78  59  19 ; ...
 93  70  59  19 ; ...
 94  66  62  19 ; ...
 95  68  66  20 ; ...
 96  70  65  21 ; ...
 97  70  64  22 ; ...
 98  73  64  22 ; ...
 99  79  63  23 ; ...
100  85  61  24 ; ...
101  86  61  24 ; ...
102  88  61  24 ; ...
103  92  61  24 ; ...
104  96  63  23 ; ...
105  97  63  23 ; ...
106  95  64  22 ; ...
107  93  63  21 ; ...
108  91  63  21 ; ...
109  88  64  22 ; ...
110  81  64  21 ; ...
111  75  64  21 ; ...
112  70  64  21 ; ...
113  68  64  22 ; ...
114  67  63  23 ; ...
115  63  63  23 ; ...
116  58  63  23 ; ...
117  53  63  23 ; ...
118  48  63  23 ; ...
119  43  63  22 ; ...
120  40  63  22 ; ...
121  38  63  22 ; ...
122  35  62  22 ; ...
123  33  62  21 ; ...
124  32  62  21 ; ...
125  32  64  22 ; ...
126  29  64  22 ; ...
127  28  63  23 ; ...
128  29  61  24 ; ...
129  28  53  23 ; ...
130  27  52  22 ; ...
131  27  52  22 ; ...
132  30  53  23 ; ...
133  35  60  22 ; ...
134  34  60  23 ; ...
135  33  61  22 ; ...
136  32  64  21 ; ...
137  32  60  20 ; ...
138  36  61  20 ; ...
139  38  62  19 ; ...
140  40  60  19 ; ...
141  40  61  19 ; ...
142  40  64  18 ; ...
143  44  65  19 ; ...
144  44  66  18 ; ...
145  36  67  19 ; ...
146  36  62  19 ; ...
147  44  63  18 ; ...
148  52  67  19 ; ...
149  55  69  18 ; ...
150  56  69  18 ; ...
151  55  69  18 ; ...
152  53  70  17 ; ...
153  52  71  16 ; ...
154  51  71  16 ; ...
155  52  65  17 ; ...
156  54  65  17 ; ...
157  55  69  18 ; ...
158  57  67  19 ; ...
159  64  63  18 ; ...
160  69  62  17 ; ...
161  70  63  17 ; ...
162  73  60  16 ; ...
163  79  54  17 ; ...
164  78  52  17 ; ...
165  77  49  18 ; ...
166  84  48  19 ; ...
167  86  50  19 ; ...
168  87  52  20 ; ...
169  91  51  21 ; ...
170  88  49  20 ; ...
171  80  49  19 ; ...
172  72  45  19 ; ...
173  65  42  19 ; ...
174  59  38  18 ; ...
175  54  36  17 ; ...
176  51  37  16 ; ...
177  50  38  16 ; ...
178  51  38  16 ; ...
179  55  38  16 ; ...
180  59  43  17 ; ...
181  61  43  18 ; ...
182  64  41  17 ; ...
183  66  44  17 ; ...
184  67  49  16 ; ...
185  70  55  17 ; ...
186  69  58  16 ; ...
187  67  56  16 ; ...
188  64  57  16 ; ...
189  59  60  16 ; ...
190  57  56  16 ; ...
191  53  54  16 ; ...
192  52  51  16 ; ...
193  50  49  16 ; ...
194  42  47  17 ; ...
195  41  45  17 ; ...
196  44  43  18 ; ...
197  47  43  19 ; ...
198  54  46  20 ; ...
199  62  46  21 ; ...
200  69  51  22 ; ...
201  76  59  23 ; ...
202  79  62  23 ; ...
203  82  62  23 ; ...
204  82  61  24 ; ...
205  82  61  23 ; ...
206  82  61  24 ; ...
207  76  56  24 ; ...
208  74  49  24 ; ...
209  75  49  24 ; ...
210  73  50  24 ; ...
211  69  48  24 ; ...
212  69  48  23 ; ...
213  66  48  22 ; ...
214  58  52  21 ; ...
215  50  52  21 ; ...
216  43  52  22 ; ...
217  37  52  22 ; ...
218  32  53  22 ; ...
219  30  55  21 ; ...
220  28  57  20 ; ...
221  28  59  19 ; ...
222  27  60  18 ; ...
223  22  64  17 ; ...
224  21  66  16 ; ...
225  21  66  16 ; ...
226  21  66  16 ; ...
227  21  67  16 ; ...
228  21  67  16 ; ...
229  22  64  16 ; ...
230  25  64  16 ; ...
231  25  63  16 ; ...
232  26  62  16 ; ...
233  31  61  16 ; ...
234  33  61  17 ; ...
235  33  67  17 ; ...
236  28  67  16 ; ...
237  26  68  16 ; ...
238  26  68  16 ; ...
239  28  67  16 ; ...
240  28  67  16 ; ...
241  24  68  17 ; ...
242  24  68  17 ; ...
243  28  61  16 ; ...
244  28  61  16 ; ...
245  24  68  17 ; ...
246  24  68  17 ; ...
247  24  68  17 ; ...
248  24  67  17 ; ...
249  24  62  17 ; ...
250  24  63  17 ; ...
251  24  63  17 ; ...
252  24  57  17 ; ...
253  26  54  16 ; ...
254  24  58  16 ; ...
255  21  59  16 ; ...
256  22  56  17 ; ...
257  23  55  18 ; ...
258  27  51  17 ; ...
259  29  43  18 ; ...
260  24  43  18 ; ...
261  24  43  19 ; ...
262  29  42  18 ; ...
263  32  48  18 ; ...
264  30  54  17 ; ...
265  25  57  16 ; ...
266  23  57  16 ; ...
267  21  56  16 ; ...
268  21  55  16 ; ...
269  21  51  16 ; ...
270  21  51  16 ; ...
271  25  53  16 ; ...
272  31  48  17 ; ...
273  35  46  17 ; ...
274  39  45  16 ; ...
275  44  40  17 ; ...
276  50  41  18 ; ...
277  57  41  17 ; ...
278  58  40  17 ; ...
279  58  40  17 ; ...
280  58  40  17 ; ...
281  56  39  16 ; ...
282  56  39  16 ; ...
283  57  40  17 ; ...
284  56  41  18 ; ...
285  56  41  18 ; ...
286  55  39  17 ; ...
287  54  37  18 ; ...
288  55  37  17 ; ...
289  56  40  18 ; ...
290  56  40  18 ; ...
291  56  39  17 ; ...
292  55  39  16 ; ...
293  55  39  16 ; ...
294  56  39  16 ; ...
295  56  37  16 ; ...
296  54  34  17 ; ...
297  54  39  18 ; ...
298  60  44  18 ; ...
299  59  46  17 ; ...
300  58  46  16 ; ...
301  58  47  16 ; ...
302  56  47  16 ; ...
303  55  47  16 ; ...
304  53  48  16 ; ...
305  51  49  16 ; ...
306  47  50  16 ; ...
307  48  49  16 ; ...
308  53  50  17 ; ...
309  58  50  17 ; ...
310  60  50  18 ; ...
311  62  48  18 ; ...
312  62  45  18 ; ...
313  62  42  18 ; ...
314  63  38  18 ; ...
315  63  36  18 ; ...
316  64  32  19 ; ...
317  64  28  19 ; ...
318  65  28  19 ; ...
319  67  29  20 ; ...
320  67  29  20 ; ...
321  68  29  20 ; ...
322  68  29  20 ; ...
323  67  29  20 ; ...
324  67  29  20 ; ...
325  67  29  20 ; ...
326  66  29  20 ; ...
327  65  29  20 ; ...
328  64  28  19 ; ...
329  63  28  19 ; ...
330  62  29  20 ; ...
331  59  29  19 ; ...
332  58  30  19 ; ...
333  57  33  19 ; ...
334  56  36  19 ; ...
335  56  40  19 ; ...
336  55  39  19 ; ...
337  55  39  19 ; ...
338  56  39  19 ; ...
339  56  39  19 ; ...
340  56  39  19 ; ...
341  57  39  19 ; ...
342  59  42  20 ; ...
343  59  44  20 ; ...
344  61  49  20 ; ...
345  64  54  20 ; ...
346  65  60  21 ; ...
347  67  65  21 ; ...
348  68  64  22 ; ...
349  68  65  21 ; ...
350  68  65  21 ; ...
351  69  65  20 ; ...
352  68  65  21 ; ...
353  68  65  21 ; ...
354  70  64  22 ; ...
355  69  62  21 ; ...
356  70  62  20 ; ...
357  70  63  21 ; ...
358  71  64  22 ; ...
359  71  64  22 ; ...
360  71  64  22 ; ...
361  71  65  21 ; ...
362  70  65  21 ; ...
