loc = [ ...
  0  71  46 ; ...
  1  73  46 ; ...
  2  72  47 ; ...
  3  72  47 ; ...
  4  72  47 ; ...
  5  72  48 ; ...
  6  80  46 ; ...
  7  81  46 ; ...
  8  86  45 ; ...
  9  88  44 ; ...
 10  91  45 ; ...
 11  95  46 ; ...
 12  95  46 ; ...
 13  96  47 ; ...
 14  95  47 ; ...
 15  93  47 ; ...
 16  86  49 ; ...
 17  77  47 ; ...
 18  73  47 ; ...
 19  66  47 ; ...
 20  60  44 ; ...
 21  56  45 ; ...
 22  49  46 ; ...
 23  48  47 ; ...
 24  42  48 ; ...
 25  38  48 ; ...
 26  35  48 ; ...
 27  32  48 ; ...
 28  35  48 ; ...
 29  36  47 ; ...
 30  36  46 ; ...
 31  34  46 ; ...
 32  34  46 ; ...
 33  34  47 ; ...
 34  33  48 ; ...
 35  36  48 ; ...
 36  34  48 ; ...
 37  35  48 ; ...
 38  36  48 ; ...
 39  39  51 ; ...
 40  43  51 ; ...
 41  46  53 ; ...
 42  52  55 ; ...
 43  55  58 ; ...
 44  57  61 ; ...
 45  58  61 ; ...
 46  60  64 ; ...
 47  62  64 ; ...
 48  63  67 ; ...
 49  64  64 ; ...
 50  65  60 ; ...
 51  67  55 ; ...
 52  67  49 ; ...
 53  68  45 ; ...
 54  68  43 ; ...
 55  69  41 ; ...
 56  71  40 ; ...
 57  73  40 ; ...
 58  73  41 ; ...
 59  74  44 ; ...
 60  75  44 ; ...
 61  76  44 ; ...
 62  76  44 ; ...
 63  80  45 ; ...
 64  81  43 ; ...
 65  82  44 ; ...
 66  83  44 ; ...
 67  83  43 ; ...
 68  80  43 ; ...
 69  77  43 ; ...
 70  74  43 ; ...
 71  69  44 ; ...
 72  69  46 ; ...
 73  71  45 ; ...
 74  72  45 ; ...
 75  73  47 ; ...
 76  74  47 ; ...
 77  74  48 ; ...
 78  74  48 ; ...
 79  73  47 ; ...
 80  71  47 ; ...
 81  71  47 ; ...
 82  71  47 ; ...
 83  69  47 ; ...
 84  66  48 ; ...
 85  65  47 ; ...
 86  62  47 ; ...
 87  60  47 ; ...
 88  58  47 ; ...
 89  56  47 ; ...
 90  55  47 ; ...
 91  53  46 ; ...
 92  50  46 ; ...
 93  51  42 ; ...
 94  51  43 ; ...
 95  52  43 ; ...
 96  54  43 ; ...
 97  57  45 ; ...
 98  58  42 ; ...
 99  57  39 ; ...
100  56  40 ; ...
101  56  40 ; ...
102  57  41 ; ...
103  63  42 ; ...
104  63  42 ; ...
105  68  43 ; ...
106  70  43 ; ...
107  71  43 ; ...
108  78  43 ; ...
109  81  46 ; ...
110  78  49 ; ...
111  74  49 ; ...
112  76  49 ; ...
113  75  49 ; ...
114  75  49 ; ...
115  75  49 ; ...
116  70  49 ; ...
117  66  49 ; ...
118  68  49 ; ...
119  70  46 ; ...
120  73  47 ; ...
121  73  47 ; ...
122  76  49 ; ...
123  77  47 ; ...
124  70  47 ; ...
125  66  48 ; ...
126  65  47 ; ...
127  65  46 ; ...
128  65  46 ; ...
129  64  45 ; ...
130  64  45 ; ...
131  65  49 ; ...
132  66  53 ; ...
133  67  56 ; ...
134  67  57 ; ...
135  67  58 ; ...
136  68  61 ; ...
137  69  61 ; ...
138  70  61 ; ...
139  78  61 ; ...
140  78  61 ; ...
141  78  61 ; ...
142  75  61 ; ...
143  69  60 ; ...
144  66  61 ; ...
145  66  58 ; ...
146  66  54 ; ...
147  69  53 ; ...
148  69  51 ; ...
149  74  52 ; ...
150  72  52 ; ...
151  71  53 ; ...
152  71  48 ; ...
153  69  43 ; ...
154  66  43 ; ...
155  66  45 ; ...
156  68  45 ; ...
157  69  44 ; ...
158  68  45 ; ...
159  66  45 ; ...
160  65  45 ; ...
161  63  45 ; ...
162  61  44 ; ...
163  62  48 ; ...
164  60  44 ; ...
165  59  47 ; ...
166  58  45 ; ...
167  55  44 ; ...
168  56  44 ; ...
169  56  44 ; ...
170  53  44 ; ...
171  53  43 ; ...
172  52  43 ; ...
173  49  43 ; ...
174  48  43 ; ...
175  50  42 ; ...
176  53  44 ; ...
177  58  42 ; ...
178  58  43 ; ...
179  56  42 ; ...
180  56  42 ; ...
181  56  43 ; ...
182  59  42 ; ...
183  58  42 ; ...
184  58  42 ; ...
185  59  42 ; ...
186  63  42 ; ...
187  63  42 ; ...
188  64  42 ; ...
189  71  45 ; ...
190  72  43 ; ...
191  72  40 ; ...
192  73  41 ; ...
193  74  39 ; ...
194  73  40 ; ...
195  71  41 ; ...
196  67  41 ; ...
197  64  42 ; ...
198  63  47 ; ...
199  60  48 ; ...
200  60  45 ; ...
201  58  43 ; ...
202  58  45 ; ...
203  55  47 ; ...
204  56  46 ; ...
205  56  46 ; ...
206  55  46 ; ...
207  53  46 ; ...
208  48  46 ; ...
209  48  46 ; ...
210  55  47 ; ...
211  60  46 ; ...
212  58  43 ; ...
213  55  44 ; ...
214  57  44 ; ...
215  57  43 ; ...
216  57  45 ; ...
217  57  46 ; ...
218  60  47 ; ...
219  62  48 ; ...
220  68  46 ; ...
221  67  46 ; ...
222  71  46 ; ...
223  72  46 ; ...
224  71  43 ; ...
225  76  41 ; ...
226  74  42 ; ...
227  75  40 ; ...
228  76  41 ; ...
229  75  42 ; ...
230  77  44 ; ...
231  77  41 ; ...
232  75  44 ; ...
233  74  43 ; ...
234  76  43 ; ...
235  81  43 ; ...
236  78  45 ; ...
237  70  42 ; ...
238  68  44 ; ...
239  69  40 ; ...
240  71  40 ; ...
241  73  36 ; ...
242  80  28 ; ...
243  79  31 ; ...
244  80  32 ; ...
245  78  34 ; ...
246  75  36 ; ...
247  74  36 ; ...
248  71  35 ; ...
249  70  37 ; ...
250  68  36 ; ...
251  65  36 ; ...
252  62  35 ; ...
253  61  37 ; ...
254  65  39 ; ...
255  65  40 ; ...
256  66  39 ; ...
257  67  40 ; ...
258  68  38 ; ...
259  69  40 ; ...
260  73  40 ; ...
261  72  39 ; ...
262  74  38 ; ...
263  75  39 ; ...
264  71  40 ; ...
265  71  39 ; ...
266  75  39 ; ...
267  79  41 ; ...
268  81  47 ; ...
269  80  47 ; ...
270  77  48 ; ...
271  74  46 ; ...
272  71  47 ; ...
273  63  45 ; ...
274  66  46 ; ...
275  66  44 ; ...
276  65  47 ; ...
277  64  48 ; ...
278  60  44 ; ...
279  68  45 ; ...
280  66  46 ; ...
281  68  44 ; ...
282  70  45 ; ...
283  71  45 ; ...
284  71  45 ; ...
285  74  48 ; ...
286  73  47 ; ...
287  78  49 ; ...
288  77  51 ; ...
289  78  51 ; ...
290  80  50 ; ...
291  76  49 ; ...
292  77  50 ; ...
293  77  51 ; ...
294  75  52 ; ...
295  78  51 ; ...
296  80  51 ; ...
297  78  52 ; ...
298  73  51 ; ...
299  73  51 ; ...
300  72  51 ; ...
301  71  51 ; ...
302  71  51 ; ...
303  73  50 ; ...
304  74  51 ; ...
305  74  49 ; ...
306  74  50 ; ...
307  72  50 ; ...
308  70  51 ; ...
309  69  52 ; ...
310  71  49 ; ...
311  71  47 ; ...
312  74  47 ; ...
313  74  45 ; ...
314  73  40 ; ...
315  71  39 ; ...
316  71  41 ; ...
317  69  36 ; ...
318  67  40 ; ...
319  64  38 ; ...
320  61  38 ; ...
321  60  41 ; ...
322  57  44 ; ...
323  53  44 ; ...
324  53  41 ; ...
325  52  43 ; ...
326  51  45 ; ...
327  53  47 ; ...
328  56  46 ; ...
329  58  46 ; ...
330  60  48 ; ...
331  61  49 ; ...
332  60  48 ; ...
333  62  47 ; ...
334  63  47 ; ...
335  68  44 ; ...
336  67  45 ; ...
337  72  45 ; ...
338  73  46 ; ...
339  74  47 ; ...
340  76  46 ; ...
341  76  44 ; ...
342  75  46 ; ...
343  73  46 ; ...
344  73  45 ; ...
345  73  47 ; ...
346  68  44 ; ...
347  61  40 ; ...
348  60  41 ; ...
349  54  40 ; ...
350  48  43 ; ...
351  46  42 ; ...
352  42  42 ; ...
353  41  44 ; ...
354  46  42 ; ...
355  46  44 ; ...
356  46  45 ; ...
357  46  46 ; ...
358  44  47 ; ...
359  49  45 ; ...
360  50  45 ; ...
361  52  47 ; ...
362  53  46 ; ...
363  54  45 ; ...
364  54  44 ; ...
365  54  40 ; ...
366  53  41 ; ...
367  56  42 ; ...
368  56  44 ; ...
369  56  49 ; ...
370  56  49 ; ...
371  57  50 ; ...
372  58  52 ; ...
373  60  52 ; ...
374  61  52 ; ...
375  65  53 ; ...
376  68  53 ; ...
377  68  53 ; ...
378  69  52 ; ...
379  71  54 ; ...
380  74  51 ; ...
381  74  49 ; ...
382  78  49 ; ...
383  81  49 ; ...
384  82  45 ; ...
385  80  41 ; ...
386  74  36 ; ...
387  73  28 ; ...
388  70  30 ; ...
389  68  36 ; ...
390  68  46 ; ...
391  67  58 ; ...
392  67  66 ; ...
393  67  66 ; ...
394  66  65 ; ...
395  67  62 ; ...
396  69  58 ; ...
397  72  59 ; ...
398  71  54 ; ...
399  70  51 ; ...
400  69  51 ; ...
401  65  51 ; ...
402  65  50 ; ...
403  64  50 ; ...
404  63  50 ; ...
405  63  50 ; ...
406  63  50 ; ...
407  63  50 ; ...
408  63  50 ; ...
409  63  50 ; ...
410  64  50 ; ...
411  64  50 ; ...
412  64  50 ; ...
413  64  50 ; ...
414  62  50 ; ...
415  62  50 ; ...
416  62  50 ; ...
417  61  50 ; ...
418  61  50 ; ...
419  61  50 ; ...
420  61  50 ; ...
421  61  50 ; ...
422  61  50 ; ...
423  61  50 ; ...
424  61  50 ; ...
425  61  50 ; ...
426  61  50 ; ...
427  61  50 ; ...
428  61  50 ; ...
429  61  50 ; ...
430  62  50 ; ...
431  62  50 ; ...
432  63  50 ; ...
433  63  50 ; ...
434  63  50 ; ...
435  63  50 ; ...
436  63  50 ; ...
437  63  50 ; ...
438  63  50 ; ...
439  63  50 ; ...
440  63  50 ; ...
441  63  50 ; ...
442  63  50 ; ...
