loc = [...
  0  71  48  24 ; ...
  1  72  47  24 ; ...
  2  72  48  24 ; ...
  3  72  48  24 ; ...
  4  74  47  24 ; ...
  5  75  45  23 ; ...
  6  79  44  24 ; ...
  7  82  42  24 ; ...
  8  86  42  24 ; ...
  9  88  41  24 ; ...
 10  90  42  24 ; ...
 11  93  44  24 ; ...
 12  94  45  24 ; ...
 13  94  46  24 ; ...
 14  91  46  24 ; ...
 15  86  47  24 ; ...
 16  78  47  24 ; ...
 17  72  46  24 ; ...
 18  68  45  24 ; ...
 19  63  44  24 ; ...
 20  57  45  24 ; ...
 21  50  46  24 ; ...
 22  45  48  24 ; ...
 23  40  47  24 ; ...
 24  38  47  24 ; ...
 25  40  53  24 ; ...
 26  36  57  24 ; ...
 27  32  57  24 ; ...
 28  36  56  24 ; ...
 29  36  56  24 ; ...
 30  29  55  24 ; ...
 31  29  55  24 ; ...
 32  33  56  24 ; ...
 33  30  54  24 ; ...
 34  30  54  23 ; ...
 35  34  56  22 ; ...
 36  37  57  21 ; ...
 37  39  58  22 ; ...
 38  37  53  21 ; ...
 39  40  51  21 ; ...
 40  47  52  20 ; ...
 41  52  50  19 ; ...
 42  55  53  20 ; ...
 43  58  54  20 ; ...
 44  60  55  20 ; ...
 45  60  58  21 ; ...
 46  60  61  22 ; ...
 47  61  61  22 ; ...
 48  63  60  22 ; ...
 49  64  59  23 ; ...
 50  64  54  24 ; ...
 51  66  49  24 ; ...
 52  66  48  24 ; ...
 53  68  47  24 ; ...
 54  68  44  24 ; ...
 55  67  44  24 ; ...
 56  68  47  24 ; ...
 57  68  51  24 ; ...
 58  68  51  24 ; ...
 59  69  49  23 ; ...
 60  70  48  22 ; ...
 61  72  47  21 ; ...
 62  75  48  20 ; ...
 63  78  49  19 ; ...
 64  84  48  18 ; ...
 65  82  49  18 ; ...
 66  81  49  18 ; ...
 67  81  49  18 ; ...
 68  77  49  18 ; ...
 69  72  50  18 ; ...
 70  72  51  18 ; ...
 71  73  51  18 ; ...
 72  71  51  18 ; ...
 73  70  51  18 ; ...
 74  70  50  18 ; ...
 75  71  51  18 ; ...
 76  73  51  18 ; ...
 77  73  51  18 ; ...
 78  73  51  18 ; ...
 79  72  51  18 ; ...
 80  70  51  19 ; ...
 81  70  52  19 ; ...
 82  69  54  18 ; ...
 83  69  53  19 ; ...
 84  68  56  19 ; ...
 85  66  55  18 ; ...
 86  63  49  18 ; ...
 87  60  48  18 ; ...
 88  59  48  18 ; ...
 89  57  47  18 ; ...
 90  56  47  18 ; ...
 91  55  46  18 ; ...
 92  55  45  18 ; ...
 93  55  45  18 ; ...
 94  56  45  18 ; ...
 95  57  45  17 ; ...
 96  58  47  18 ; ...
 97  58  45  18 ; ...
 98  58  44  18 ; ...
 99  58  45  18 ; ...
100  58  44  17 ; ...
101  60  46  18 ; ...
102  61  51  19 ; ...
103  66  56  18 ; ...
104  69  59  19 ; ...
105  72  64  19 ; ...
106  74  65  19 ; ...
107  77  66  19 ; ...
108  78  67  19 ; ...
109  73  67  19 ; ...
110  74  65  20 ; ...
111  74  57  21 ; ...
112  74  53  21 ; ...
113  77  50  20 ; ...
114  73  50  20 ; ...
115  70  51  20 ; ...
116  70  47  19 ; ...
117  70  49  20 ; ...
118  71  49  20 ; ...
119  73  46  19 ; ...
120  74  47  19 ; ...
121  75  46  19 ; ...
122  76  46  19 ; ...
123  72  45  18 ; ...
124  67  45  19 ; ...
125  66  44  19 ; ...
126  65  44  19 ; ...
127  65  43  19 ; ...
128  64  41  19 ; ...
129  63  40  19 ; ...
130  65  41  18 ; ...
131  65  46  19 ; ...
132  65  49  19 ; ...
133  66  51  19 ; ...
134  67  52  19 ; ...
135  68  53  19 ; ...
136  70  54  19 ; ...
137  72  54  18 ; ...
138  73  55  18 ; ...
139  74  57  18 ; ...
140  75  56  17 ; ...
141  75  56  16 ; ...
142  73  58  16 ; ...
143  69  59  16 ; ...
144  66  55  16 ; ...
145  66  50  16 ; ...
146  67  47  16 ; ...
147  69  46  16 ; ...
148  70  47  16 ; ...
149  71  47  16 ; ...
150  71  47  16 ; ...
151  69  43  16 ; ...
152  68  39  16 ; ...
153  67  40  16 ; ...
154  67  40  16 ; ...
155  67  42  16 ; ...
156  68  42  16 ; ...
157  68  42  16 ; ...
158  67  43  16 ; ...
159  67  43  16 ; ...
160  66  43  16 ; ...
161  65  43  16 ; ...
162  63  47  16 ; ...
163  62  45  16 ; ...
164  61  45  16 ; ...
165  60  51  16 ; ...
166  60  51  16 ; ...
167  59  45  16 ; ...
168  58  44  16 ; ...
169  58  48  16 ; ...
170  56  45  16 ; ...
171  55  44  16 ; ...
172  53  44  16 ; ...
173  53  44  16 ; ...
174  56  44  16 ; ...
175  59  44  16 ; ...
176  60  44  16 ; ...
177  59  44  16 ; ...
178  59  44  16 ; ...
179  59  44  16 ; ...
180  58  44  16 ; ...
181  58  44  16 ; ...
182  59  44  16 ; ...
183  60  41  16 ; ...
184  61  42  16 ; ...
185  62  41  16 ; ...
186  65  40  16 ; ...
187  67  41  16 ; ...
188  70  43  17 ; ...
189  72  43  18 ; ...
190  73  41  18 ; ...
191  74  39  17 ; ...
192  74  39  18 ; ...
193  74  39  18 ; ...
194  73  38  17 ; ...
195  71  39  18 ; ...
196  68  40  19 ; ...
197  65  44  18 ; ...
198  62  44  19 ; ...
199  61  43  18 ; ...
200  60  44  19 ; ...
201  59  43  18 ; ...
202  58  45  19 ; ...
203  57  44  19 ; ...
204  56  44  19 ; ...
205  55  45  20 ; ...
206  53  47  21 ; ...
207  49  47  21 ; ...
208  51  46  21 ; ...
209  56  45  21 ; ...
210  59  44  20 ; ...
211  59  43  20 ; ...
212  58  41  19 ; ...
213  57  41  19 ; ...
214  57  42  18 ; ...
215  57  44  18 ; ...
216  59  45  18 ; ...
217  61  46  18 ; ...
218  62  46  19 ; ...
219  63  47  20 ; ...
220  66  44  19 ; ...
221  69  42  18 ; ...
222  70  43  19 ; ...
223  73  42  19 ; ...
224  73  44  20 ; ...
225  74  45  21 ; ...
226  74  46  22 ; ...
227  74  46  23 ; ...
228  74  47  24 ; ...
229  76  50  24 ; ...
230  76  48  24 ; ...
231  75  49  24 ; ...
232  74  47  24 ; ...
233  73  47  24 ; ...
234  79  55  24 ; ...
235  78  61  23 ; ...
236  73  60  23 ; ...
237  69  61  24 ; ...
238  68  61  24 ; ...
239  66  59  24 ; ...
240  66  59  24 ; ...
241  73  53  24 ; ...
242  76  50  24 ; ...
243  78  47  24 ; ...
244  78  39  24 ; ...
245  78  38  24 ; ...
246  76  39  24 ; ...
247  76  41  24 ; ...
248  76  41  24 ; ...
249  75  35  24 ; ...
250  80  34  24 ; ...
251  81  34  24 ; ...
252  77  34  24 ; ...
253  72  39  24 ; ...
254  74  44  24 ; ...
255  75  44  24 ; ...
256  75  44  24 ; ...
257  77  44  24 ; ...
258  78  42  24 ; ...
259  79  45  24 ; ...
260  80  45  24 ; ...
261  81  44  24 ; ...
262  81  44  24 ; ...
263  81  38  24 ; ...
264  81  39  24 ; ...
265  84  41  24 ; ...
266  86  43  24 ; ...
267  88  46  24 ; ...
268  86  48  24 ; ...
269  83  49  24 ; ...
270  80  48  24 ; ...
271  75  49  24 ; ...
272  70  50  24 ; ...
273  69  50  24 ; ...
274  68  50  24 ; ...
275  67  50  24 ; ...
276  66  50  24 ; ...
277  66  49  24 ; ...
278  66  49  24 ; ...
279  64  50  24 ; ...
280  70  48  24 ; ...
281  72  48  24 ; ...
282  72  47  24 ; ...
283  73  47  24 ; ...
284  74  51  24 ; ...
285  76  54  24 ; ...
286  78  53  24 ; ...
287  79  53  24 ; ...
288  80  53  24 ; ...
289  83  53  24 ; ...
290  88  53  24 ; ...
291  88  52  24 ; ...
292  80  53  24 ; ...
293  77  56  24 ; ...
294  75  55  24 ; ...
295  74  54  24 ; ...
296  72  54  24 ; ...
297  68  52  24 ; ...
298  65  52  24 ; ...
299  63  51  24 ; ...
300  63  51  24 ; ...
301  65  51  24 ; ...
302  66  51  24 ; ...
303  67  51  24 ; ...
304  67  51  24 ; ...
305  67  51  24 ; ...
306  74  55  24 ; ...
307  74  60  24 ; ...
308  73  61  24 ; ...
309  74  60  24 ; ...
310  75  58  24 ; ...
311  77  58  24 ; ...
312  75  56  24 ; ...
313  76  52  24 ; ...
314  74  51  24 ; ...
315  71  49  24 ; ...
316  70  47  24 ; ...
317  67  45  24 ; ...
318  65  43  24 ; ...
319  64  45  24 ; ...
320  62  50  24 ; ...
321  59  49  24 ; ...
322  55  49  24 ; ...
323  53  50  24 ; ...
324  55  47  24 ; ...
325  56  49  24 ; ...
326  57  50  24 ; ...
327  60  50  24 ; ...
328  62  50  24 ; ...
329  62  51  24 ; ...
330  62  51  24 ; ...
331  62  51  24 ; ...
332  62  52  24 ; ...
333  66  49  24 ; ...
334  74  50  24 ; ...
335  74  49  24 ; ...
336  73  49  24 ; ...
337  73  53  24 ; ...
338  74  52  24 ; ...
339  75  52  24 ; ...
340  75  52  24 ; ...
341  74  51  24 ; ...
342  74  49  24 ; ...
343  74  51  24 ; ...
344  68  51  24 ; ...
345  67  45  24 ; ...
346  64  46  24 ; ...
347  58  45  24 ; ...
348  53  43  24 ; ...
349  47  47  24 ; ...
350  43  46  24 ; ...
351  41  46  24 ; ...
352  40  45  24 ; ...
353  42  44  23 ; ...
354  44  46  24 ; ...
355  45  47  24 ; ...
356  44  46  24 ; ...
357  43  45  24 ; ...
358  45  45  24 ; ...
359  48  45  24 ; ...
360  50  44  24 ; ...
361  51  45  24 ; ...
362  51  45  24 ; ...
