loc = [...
  0  71  44  20 ; ...
  1  72  44  21 ; ...
  2  72  45  21 ; ...
  3  74  45  20 ; ...
  4  74  43  21 ; ...
  5  76  45  22 ; ...
  6  80  43  23 ; ...
  7  83  40  24 ; ...
  8  88  38  24 ; ...
  9  91  38  24 ; ...
 10  93  39  24 ; ...
 11  95  39  24 ; ...
 12  96  37  24 ; ...
 13  98  34  24 ; ...
 14  96  34  24 ; ...
 15  92  34  24 ; ...
 16  88  34  24 ; ...
 17  80  34  24 ; ...
 18  73  34  24 ; ...
 19  66  35  24 ; ...
 20  59  41  24 ; ...
 21  55  42  24 ; ...
 22  50  43  24 ; ...
 23  42  47  24 ; ...
 24  37  48  24 ; ...
 25  33  48  24 ; ...
 26  31  50  24 ; ...
 27  32  50  24 ; ...
 28  32  49  24 ; ...
 29  34  50  24 ; ...
 30  36  53  24 ; ...
 31  32  53  24 ; ...
 32  29  53  24 ; ...
 33  29  55  24 ; ...
 34  32  54  24 ; ...
 35  34  54  24 ; ...
 36  31  54  24 ; ...
 37  34  55  24 ; ...
 38  39  55  24 ; ...
 39  42  58  24 ; ...
 40  44  57  24 ; ...
 41  47  56  24 ; ...
 42  51  56  24 ; ...
 43  56  57  24 ; ...
 44  58  61  24 ; ...
 45  59  61  24 ; ...
 46  61  61  24 ; ...
 47  61  61  24 ; ...
 48  61  61  24 ; ...
 49  63  59  24 ; ...
 50  63  54  24 ; ...
 51  64  48  24 ; ...
 52  64  48  24 ; ...
 53  64  47  24 ; ...
 54  65  46  24 ; ...
 55  66  45  24 ; ...
 56  66  45  24 ; ...
 57  66  52  24 ; ...
 58  68  52  24 ; ...
 59  70  53  24 ; ...
 60  70  53  24 ; ...
 61  68  50  24 ; ...
 62  70  51  24 ; ...
 63  69  50  24 ; ...
 64  71  50  24 ; ...
 65  71  49  24 ; ...
 66  72  49  24 ; ...
 67  76  53  24 ; ...
 68  72  54  24 ; ...
 69  72  54  23 ; ...
 70  72  55  22 ; ...
 71  68  53  21 ; ...
 72  69  52  20 ; ...
 73  71  54  19 ; ...
 74  75  53  18 ; ...
 75  75  53  18 ; ...
 76  76  54  18 ; ...
 77  78  53  18 ; ...
 78  77  54  18 ; ...
 79  75  54  18 ; ...
 80  71  54  18 ; ...
 81  69  54  18 ; ...
 82  67  56  18 ; ...
 83  63  60  18 ; ...
 84  56  60  19 ; ...
 85  51  60  20 ; ...
 86  47  61  21 ; ...
 87  43  59  22 ; ...
 88  43  60  21 ; ...
 89  44  65  21 ; ...
 90  43  65  20 ; ...
 91  41  67  19 ; ...
 92  38  67  19 ; ...
 93  38  64  20 ; ...
 94  36  67  19 ; ...
 95  36  66  20 ; ...
 96  36  66  20 ; ...
 97  28  65  21 ; ...
 98  26  65  21 ; ...
 99  27  64  22 ; ...
100  28  63  23 ; ...
101  29  61  24 ; ...
102  30  59  24 ; ...
103  29  61  24 ; ...
104  29  61  24 ; ...
105  29  61  24 ; ...
106  29  61  24 ; ...
107  29  61  24 ; ...
108  29  61  24 ; ...
109  29  61  24 ; ...
110  29  61  24 ; ...
111  29  61  24 ; ...
112  29  61  24 ; ...
113  30  61  24 ; ...
114  29  61  24 ; ...
115  29  61  24 ; ...
116  29  61  24 ; ...
117  30  61  24 ; ...
118  29  61  24 ; ...
119  29  61  24 ; ...
120  29  61  24 ; ...
121  29  61  24 ; ...
122  29  61  24 ; ...
123  29  61  24 ; ...
124  30  61  24 ; ...
125  34  61  24 ; ...
126  42  55  24 ; ...
127  50  47  24 ; ...
128  58  46  24 ; ...
129  66  53  24 ; ...
130  70  61  24 ; ...
131  70  61  24 ; ...
132  71  61  24 ; ...
133  71  61  24 ; ...
134  67  59  24 ; ...
135  68  61  24 ; ...
136  71  61  24 ; ...
137  74  61  24 ; ...
138  74  61  24 ; ...
139  74  61  24 ; ...
140  78  61  24 ; ...
141  75  61  24 ; ...
142  72  61  24 ; ...
143  73  61  24 ; ...
144  73  61  24 ; ...
145  68  61  24 ; ...
146  68  61  24 ; ...
147  73  61  24 ; ...
148  74  61  24 ; ...
149  75  61  24 ; ...
150  75  61  24 ; ...
151  73  57  24 ; ...
152  72  56  24 ; ...
153  73  55  24 ; ...
154  70  54  24 ; ...
155  62  54  24 ; ...
156  62  52  24 ; ...
157  62  54  24 ; ...
158  62  52  24 ; ...
159  64  53  24 ; ...
160  60  54  24 ; ...
161  62  55  24 ; ...
162  65  55  24 ; ...
163  65  55  24 ; ...
164  62  56  24 ; ...
165  61  55  24 ; ...
166  60  56  24 ; ...
167  57  56  24 ; ...
168  57  54  23 ; ...
169  60  49  22 ; ...
170  60  50  21 ; ...
171  53  53  20 ; ...
172  51  51  19 ; ...
173  48  51  18 ; ...
174  47  51  17 ; ...
175  54  45  16 ; ...
176  54  43  16 ; ...
177  50  45  16 ; ...
178  54  43  16 ; ...
179  58  45  16 ; ...
180  60  50  16 ; ...
181  59  55  16 ; ...
182  56  63  16 ; ...
183  60  71  16 ; ...
184  61  71  16 ; ...
185  60  71  16 ; ...
186  60  71  16 ; ...
187  62  71  16 ; ...
188  66  71  16 ; ...
189  65  71  16 ; ...
190  64  71  16 ; ...
191  68  71  16 ; ...
192  70  70  17 ; ...
193  69  67  16 ; ...
194  69  71  16 ; ...
195  66  70  17 ; ...
196  63  70  16 ; ...
197  58  70  17 ; ...
198  56  71  16 ; ...
199  56  71  16 ; ...
200  53  71  16 ; ...
201  54  71  16 ; ...
202  52  70  17 ; ...
203  52  69  18 ; ...
204  52  67  19 ; ...
205  52  69  18 ; ...
206  56  67  19 ; ...
207  52  66  20 ; ...
208  50  65  21 ; ...
209  56  64  22 ; ...
210  63  65  21 ; ...
211  62  66  20 ; ...
212  55  67  19 ; ...
213  56  67  19 ; ...
214  58  67  19 ; ...
215  59  67  19 ; ...
216  59  67  19 ; ...
217  60  66  20 ; ...
218  62  65  21 ; ...
219  59  65  21 ; ...
220  62  66  20 ; ...
221  68  67  19 ; ...
222  68  69  18 ; ...
223  66  67  19 ; ...
224  70  66  20 ; ...
225  70  65  21 ; ...
226  70  65  21 ; ...
227  77  64  22 ; ...
228  77  63  23 ; ...
229  78  61  24 ; ...
230  78  59  24 ; ...
231  78  61  24 ; ...
232  78  61  24 ; ...
233  78  61  24 ; ...
234  81  61  24 ; ...
235  78  61  24 ; ...
236  72  61  24 ; ...
237  66  61  24 ; ...
238  60  61  24 ; ...
239  60  61  24 ; ...
240  61  61  24 ; ...
241  54  61  24 ; ...
242  54  61  24 ; ...
243  61  61  24 ; ...
244  68  55  24 ; ...
245  76  47  24 ; ...
246  84  39  24 ; ...
247  92  38  24 ; ...
248  92  37  24 ; ...
249  84  37  24 ; ...
250  81  37  24 ; ...
251  78  37  24 ; ...
252  76  42  24 ; ...
253  78  46  24 ; ...
254  79  46  24 ; ...
255  79  41  24 ; ...
256  78  43  24 ; ...
257  82  43  24 ; ...
258  83  39  24 ; ...
259  84  41  24 ; ...
260  84  45  24 ; ...
261  84  43  24 ; ...
262  85  43  24 ; ...
263  83  45  24 ; ...
264  82  42  24 ; ...
265  84  42  24 ; ...
266  87  46  24 ; ...
267  90  53  24 ; ...
268  90  53  24 ; ...
269  85  50  24 ; ...
270  81  52  24 ; ...
271  78  51  24 ; ...
272  77  48  24 ; ...
273  74  51  24 ; ...
274  76  52  24 ; ...
275  76  49  24 ; ...
276  75  51  24 ; ...
277  74  52  24 ; ...
278  73  51  24 ; ...
279  76  51  24 ; ...
280  77  50  24 ; ...
281  78  51  24 ; ...
282  79  50  24 ; ...
283  81  44  24 ; ...
284  81  43  24 ; ...
285  82  45  24 ; ...
286  83  48  24 ; ...
287  86  55  24 ; ...
288  87  56  24 ; ...
289  88  51  24 ; ...
290  88  51  24 ; ...
291  86  50  24 ; ...
292  89  51  24 ; ...
293  91  51  24 ; ...
294  88  51  24 ; ...
295  88  54  24 ; ...
296  88  54  24 ; ...
297  85  52  24 ; ...
298  83  52  24 ; ...
299  77  54  24 ; ...
300  78  54  24 ; ...
301  78  54  24 ; ...
302  78  55  24 ; ...
303  80  55  24 ; ...
304  79  57  24 ; ...
305  82  57  24 ; ...
306  80  57  24 ; ...
307  75  58  24 ; ...
308  75  58  24 ; ...
309  74  59  24 ; ...
310  74  58  24 ; ...
311  78  57  24 ; ...
312  76  55  24 ; ...
313  76  51  24 ; ...
314  76  51  24 ; ...
315  71  51  24 ; ...
316  70  45  24 ; ...
317  67  44  24 ; ...
318  65  43  24 ; ...
319  63  42  24 ; ...
320  62  46  24 ; ...
321  60  46  24 ; ...
322  58  42  24 ; ...
323  56  45  24 ; ...
324  56  47  24 ; ...
325  61  49  24 ; ...
326  63  49  24 ; ...
327  66  48  24 ; ...
328  68  47  24 ; ...
329  67  47  24 ; ...
330  67  48  24 ; ...
331  67  48  24 ; ...
332  69  47  24 ; ...
333  72  47  24 ; ...
334  74  51  24 ; ...
335  72  47  24 ; ...
336  72  47  24 ; ...
337  72  49  24 ; ...
338  72  46  24 ; ...
339  74  49  24 ; ...
340  76  49  24 ; ...
341  76  48  24 ; ...
342  73  49  24 ; ...
343  71  49  24 ; ...
344  71  47  24 ; ...
345  70  40  24 ; ...
346  64  41  24 ; ...
347  60  43  24 ; ...
348  54  42  24 ; ...
349  47  46  24 ; ...
350  43  46  24 ; ...
351  42  44  24 ; ...
352  41  44  24 ; ...
353  43  45  24 ; ...
354  45  46  24 ; ...
355  44  46  24 ; ...
356  44  46  24 ; ...
357  44  46  24 ; ...
358  48  45  24 ; ...
359  49  45  24 ; ...
360  50  45  24 ; ...
361  51  45  24 ; ...
362  52  44  24 ; ...
