loc = [...
  0  73  50  24 ; ...
  1  73  49  24 ; ...
  2  73  49  24 ; ...
  3  73  50  24 ; ...
  4  74  51  24 ; ...
  5  74  49  24 ; ...
  6  78  44  24 ; ...
  7  81  40  23 ; ...
  8  84  40  24 ; ...
  9  88  44  24 ; ...
 10  90  42  24 ; ...
 11  93  41  23 ; ...
 12  92  45  22 ; ...
 13  91  46  21 ; ...
 14  88  48  21 ; ...
 15  82  47  20 ; ...
 16  78  40  19 ; ...
 17  72  40  19 ; ...
 18  68  39  19 ; ...
 19  64  39  19 ; ...
 20  57  39  19 ; ...
 21  52  39  19 ; ...
 22  46  42  19 ; ...
 23  41  41  19 ; ...
 24  37  41  19 ; ...
 25  33  40  19 ; ...
 26  32  41  19 ; ...
 27  34  41  18 ; ...
 28  35  40  18 ; ...
 29  34  40  18 ; ...
 30  33  40  18 ; ...
 31  32  41  18 ; ...
 32  32  41  17 ; ...
 33  33  43  17 ; ...
 34  33  43  17 ; ...
 35  36  42  16 ; ...
 36  37  44  16 ; ...
 37  38  44  16 ; ...
 38  39  44  17 ; ...
 39  40  46  16 ; ...
 40  47  48  17 ; ...
 41  52  50  18 ; ...
 42  56  52  19 ; ...
 43  58  53  20 ; ...
 44  60  56  20 ; ...
 45  60  57  21 ; ...
 46  61  59  21 ; ...
 47  62  60  21 ; ...
 48  63  59  21 ; ...
 49  64  57  21 ; ...
 50  64  50  21 ; ...
 51  65  43  21 ; ...
 52  67  41  20 ; ...
 53  68  39  19 ; ...
 54  70  37  19 ; ...
 55  70  35  18 ; ...
 56  65  29  17 ; ...
 57  63  25  16 ; ...
 58  62  24  16 ; ...
 59  60  24  16 ; ...
 60  59  24  16 ; ...
 61  63  24  16 ; ...
 62  62  24  16 ; ...
 63  59  24  16 ; ...
 64  56  24  16 ; ...
 65  54  25  17 ; ...
 66  53  24  16 ; ...
 67  49  24  16 ; ...
 68  47  25  17 ; ...
 69  43  26  18 ; ...
 70  41  26  18 ; ...
 71  39  25  17 ; ...
 72  40  26  18 ; ...
 73  40  28  19 ; ...
 74  38  29  20 ; ...
 75  39  28  19 ; ...
 76  38  29  20 ; ...
 77  37  30  21 ; ...
 78  36  30  21 ; ...
 79  36  31  22 ; ...
 80  35  32  23 ; ...
 81  33  34  24 ; ...
 82  29  37  24 ; ...
 83  29  38  24 ; ...
 84  28  41  23 ; ...
 85  27  47  22 ; ...
 86  27  49  22 ; ...
 87  28  49  23 ; ...
 88  29  50  24 ; ...
 89  28  49  23 ; ...
 90  27  45  22 ; ...
 91  27  46  22 ; ...
 92  31  52  21 ; ...
 93  31  58  20 ; ...
 94  27  65  19 ; ...
 95  28  66  20 ; ...
 96  31  66  19 ; ...
 97  31  69  18 ; ...
 98  30  69  18 ; ...
 99  32  67  19 ; ...
100  32  67  19 ; ...
101  30  69  18 ; ...
102  31  68  18 ; ...
103  32  68  18 ; ...
104  36  65  17 ; ...
105  39  64  16 ; ...
106  42  63  16 ; ...
107  40  56  16 ; ...
108  38  57  16 ; ...
109  44  65  16 ; ...
110  44  69  16 ; ...
111  43  65  16 ; ...
112  42  62  16 ; ...
113  40  67  16 ; ...
114  42  70  17 ; ...
115  39  69  18 ; ...
116  36  67  19 ; ...
117  35  64  18 ; ...
118  37  67  19 ; ...
119  39  67  19 ; ...
120  37  66  20 ; ...
121  40  67  19 ; ...
122  40  65  20 ; ...
123  34  62  19 ; ...
124  29  62  18 ; ...
125  26  61  19 ; ...
126  27  58  20 ; ...
127  26  56  21 ; ...
128  25  56  20 ; ...
129  24  57  19 ; ...
130  25  58  20 ; ...
131  24  61  19 ; ...
132  24  65  19 ; ...
133  24  66  19 ; ...
134  24  67  19 ; ...
135  28  67  18 ; ...
136  29  67  19 ; ...
137  30  66  20 ; ...
138  32  65  21 ; ...
139  30  64  22 ; ...
140  30  63  23 ; ...
141  32  64  22 ; ...
142  30  63  23 ; ...
143  29  61  24 ; ...
144  29  60  24 ; ...
145  29  61  24 ; ...
146  28  56  23 ; ...
147  30  51  24 ; ...
148  30  51  24 ; ...
149  30  49  24 ; ...
150  30  49  24 ; ...
151  30  56  24 ; ...
152  30  55  24 ; ...
153  30  55  24 ; ...
154  30  55  24 ; ...
155  30  53  24 ; ...
156  30  53  24 ; ...
157  30  55  24 ; ...
158  30  55  24 ; ...
159  30  55  24 ; ...
160  29  59  24 ; ...
161  28  63  23 ; ...
162  29  63  23 ; ...
163  28  63  23 ; ...
164  28  63  23 ; ...
165  29  61  24 ; ...
166  29  61  24 ; ...
167  28  63  23 ; ...
168  28  63  23 ; ...
169  28  56  23 ; ...
170  27  56  22 ; ...
171  26  60  21 ; ...
172  26  65  21 ; ...
173  28  65  21 ; ...
174  33  65  21 ; ...
175  36  65  21 ; ...
176  36  63  20 ; ...
177  36  65  21 ; ...
178  34  65  21 ; ...
179  30  64  22 ; ...
180  27  65  21 ; ...
181  27  66  20 ; ...
182  26  65  20 ; ...
183  25  64  20 ; ...
184  26  64  21 ; ...
185  27  64  22 ; ...
186  28  60  23 ; ...
187  32  59  22 ; ...
188  34  63  23 ; ...
189  33  61  24 ; ...
190  34  61  24 ; ...
191  35  61  24 ; ...
192  37  57  23 ; ...
193  36  59  24 ; ...
194  34  60  24 ; ...
195  31  61  24 ; ...
196  29  61  24 ; ...
197  28  63  23 ; ...
198  29  61  24 ; ...
199  29  59  24 ; ...
200  28  61  23 ; ...
201  28  63  22 ; ...
202  28  63  23 ; ...
203  28  63  22 ; ...
204  28  63  23 ; ...
205  29  63  22 ; ...
206  31  65  21 ; ...
207  31  66  20 ; ...
208  26  65  21 ; ...
209  25  60  20 ; ...
210  24  56  19 ; ...
211  26  54  18 ; ...
212  26  53  17 ; ...
213  26  53  16 ; ...
214  27  54  16 ; ...
215  28  55  16 ; ...
216  30  55  16 ; ...
217  31  57  16 ; ...
218  31  58  16 ; ...
219  31  56  16 ; ...
220  35  57  16 ; ...
221  38  56  16 ; ...
222  39  56  16 ; ...
223  38  61  16 ; ...
224  41  69  17 ; ...
225  41  70  17 ; ...
226  41  69  18 ; ...
227  41  70  17 ; ...
228  39  71  16 ; ...
229  41  70  16 ; ...
230  40  63  16 ; ...
231  36  62  17 ; ...
232  34  69  18 ; ...
233  35  67  19 ; ...
234  34  65  20 ; ...
235  35  66  20 ; ...
236  37  63  19 ; ...
237  36  67  19 ; ...
238  33  69  18 ; ...
239  28  67  18 ; ...
240  30  63  18 ; ...
241  32  55  19 ; ...
242  34  48  20 ; ...
243  37  46  21 ; ...
244  35  46  20 ; ...
245  33  45  21 ; ...
246  32  46  21 ; ...
247  32  45  21 ; ...
248  31  44  22 ; ...
249  29  42  23 ; ...
250  28  41  23 ; ...
251  28  39  23 ; ...
252  28  35  23 ; ...
253  28  39  23 ; ...
254  29  39  23 ; ...
255  29  38  24 ; ...
256  28  38  23 ; ...
257  27  39  22 ; ...
258  27  39  22 ; ...
259  27  39  22 ; ...
260  27  39  22 ; ...
261  28  38  23 ; ...
262  27  39  22 ; ...
263  27  39  22 ; ...
264  26  39  21 ; ...
265  26  41  21 ; ...
266  25  46  20 ; ...
267  25  50  20 ; ...
268  32  50  19 ; ...
269  39  51  19 ; ...
270  39  55  18 ; ...
271  37  55  17 ; ...
272  34  58  16 ; ...
273  34  57  16 ; ...
274  34  50  16 ; ...
275  33  50  16 ; ...
276  32  52  16 ; ...
277  32  52  16 ; ...
278  32  52  16 ; ...
279  32  52  16 ; ...
280  34  55  16 ; ...
281  35  53  17 ; ...
282  35  52  18 ; ...
283  35  52  18 ; ...
284  36  50  19 ; ...
285  38  55  18 ; ...
286  38  55  19 ; ...
287  38  51  20 ; ...
288  39  52  21 ; ...
289  40  53  22 ; ...
290  40  52  21 ; ...
291  38  51  21 ; ...
292  37  53  22 ; ...
293  38  53  22 ; ...
294  38  55  22 ; ...
295  31  55  23 ; ...
296  28  47  23 ; ...
297  28  47  23 ; ...
298  28  48  23 ; ...
299  32  49  22 ; ...
300  32  54  21 ; ...
301  32  55  20 ; ...
302  34  53  21 ; ...
303  34  53  21 ; ...
304  34  53  21 ; ...
305  33  53  21 ; ...
306  31  53  21 ; ...
307  28  51  22 ; ...
308  27  52  22 ; ...
309  28  51  21 ; ...
310  29  53  20 ; ...
311  26  61  21 ; ...
312  26  65  21 ; ...
313  27  65  20 ; ...
314  25  67  19 ; ...
315  25  66  20 ; ...
316  24  67  19 ; ...
317  24  67  19 ; ...
318  28  67  18 ; ...
319  30  70  17 ; ...
320  32  71  16 ; ...
321  38  71  16 ; ...
322  39  70  17 ; ...
323  40  71  16 ; ...
324  40  71  16 ; ...
325  40  70  16 ; ...
326  48  66  16 ; ...
327  52  65  16 ; ...
328  53  65  17 ; ...
329  53  66  17 ; ...
330  54  66  17 ; ...
331  54  66  17 ; ...
332  54  66  18 ; ...
333  58  64  19 ; ...
334  58  65  19 ; ...
335  60  64  19 ; ...
336  61  63  19 ; ...
337  62  62  19 ; ...
338  63  61  18 ; ...
339  64  60  18 ; ...
340  64  60  18 ; ...
341  63  59  19 ; ...
342  64  59  18 ; ...
343  63  59  18 ; ...
344  61  58  18 ; ...
345  58  55  18 ; ...
346  54  55  18 ; ...
347  49  55  18 ; ...
348  44  55  18 ; ...
349  38  58  19 ; ...
350  35  57  19 ; ...
351  33  57  20 ; ...
352  33  58  20 ; ...
353  35  58  20 ; ...
354  37  60  19 ; ...
355  38  61  19 ; ...
356  37  61  19 ; ...
357  36  62  20 ; ...
358  38  65  21 ; ...
359  40  64  22 ; ...
360  42  63  23 ; ...
361  44  63  22 ; ...
362  45  60  21 ; ...
