loc = [...
  0  70  47  23 ; ...
  1  70  47  23 ; ...
  2  71  47  23 ; ...
  3  71  47  23 ; ...
  4  74  47  24 ; ...
  5  75  45  23 ; ...
  6  79  41  22 ; ...
  7  82  39  22 ; ...
  8  85  40  23 ; ...
  9  86  44  23 ; ...
 10  88  44  23 ; ...
 11  91  43  22 ; ...
 12  92  44  21 ; ...
 13  92  45  21 ; ...
 14  88  46  21 ; ...
 15  82  45  20 ; ...
 16  75  44  20 ; ...
 17  69  44  20 ; ...
 18  65  43  20 ; ...
 19  62  38  19 ; ...
 20  56  39  20 ; ...
 21  52  41  19 ; ...
 22  48  43  18 ; ...
 23  43  43  18 ; ...
 24  38  41  19 ; ...
 25  33  40  19 ; ...
 26  32  41  19 ; ...
 27  34  42  18 ; ...
 28  35  41  18 ; ...
 29  34  40  18 ; ...
 30  34  41  18 ; ...
 31  33  41  17 ; ...
 32  32  41  17 ; ...
 33  32  43  17 ; ...
 34  33  43  17 ; ...
 35  36  43  16 ; ...
 36  37  44  16 ; ...
 37  38  44  16 ; ...
 38  40  45  16 ; ...
 39  43  46  17 ; ...
 40  47  47  18 ; ...
 41  51  49  19 ; ...
 42  56  51  19 ; ...
 43  58  53  20 ; ...
 44  60  55  20 ; ...
 45  60  57  20 ; ...
 46  61  59  21 ; ...
 47  62  59  21 ; ...
 48  63  59  21 ; ...
 49  68  59  21 ; ...
 50  66  51  20 ; ...
 51  66  44  21 ; ...
 52  67  42  20 ; ...
 53  68  39  19 ; ...
 54  69  37  19 ; ...
 55  70  35  18 ; ...
 56  73  35  17 ; ...
 57  73  39  16 ; ...
 58  74  42  16 ; ...
 59  75  42  16 ; ...
 60  75  43  16 ; ...
 61  77  45  16 ; ...
 62  79  45  16 ; ...
 63  80  45  16 ; ...
 64  81  45  16 ; ...
 65  82  45  16 ; ...
 66  82  45  16 ; ...
 67  80  44  16 ; ...
 68  76  45  16 ; ...
 69  72  46  16 ; ...
 70  70  46  16 ; ...
 71  70  47  16 ; ...
 72  70  47  16 ; ...
 73  71  47  16 ; ...
 74  72  47  16 ; ...
 75  73  47  16 ; ...
 76  74  49  16 ; ...
 77  74  49  16 ; ...
 78  74  48  16 ; ...
 79  73  47  16 ; ...
 80  72  46  16 ; ...
 81  71  47  17 ; ...
 82  69  49  18 ; ...
 83  68  51  19 ; ...
 84  68  53  19 ; ...
 85  66  53  19 ; ...
 86  63  49  18 ; ...
 87  61  49  18 ; ...
 88  59  49  18 ; ...
 89  58  48  18 ; ...
 90  56  47  18 ; ...
 91  56  48  18 ; ...
 92  56  45  17 ; ...
 93  55  45  18 ; ...
 94  56  45  17 ; ...
 95  58  45  17 ; ...
 96  58  45  17 ; ...
 97  58  44  17 ; ...
 98  58  43  17 ; ...
 99  58  43  17 ; ...
100  58  43  17 ; ...
101  58  43  16 ; ...
102  62  45  17 ; ...
103  66  45  17 ; ...
104  68  46  18 ; ...
105  70  45  18 ; ...
106  73  46  19 ; ...
107  76  46  19 ; ...
108  79  49  20 ; ...
109  76  51  20 ; ...
110  75  53  21 ; ...
111  76  53  22 ; ...
112  75  52  22 ; ...
113  76  51  21 ; ...
114  74  49  20 ; ...
115  69  50  20 ; ...
116  69  49  20 ; ...
117  70  49  20 ; ...
118  71  49  20 ; ...
119  72  49  20 ; ...
120  73  49  20 ; ...
121  74  49  20 ; ...
122  76  46  19 ; ...
123  74  45  18 ; ...
124  67  45  19 ; ...
125  66  44  19 ; ...
126  65  43  19 ; ...
127  64  42  19 ; ...
128  64  40  19 ; ...
129  63  39  19 ; ...
130  65  43  19 ; ...
131  65  47  19 ; ...
132  65  49  19 ; ...
133  66  50  19 ; ...
134  67  52  19 ; ...
135  68  53  19 ; ...
136  70  54  19 ; ...
137  71  55  19 ; ...
138  73  55  18 ; ...
139  74  56  18 ; ...
140  75  56  17 ; ...
141  74  56  17 ; ...
142  70  57  17 ; ...
143  67  59  17 ; ...
144  66  57  18 ; ...
145  66  53  18 ; ...
146  67  50  18 ; ...
147  69  49  18 ; ...
148  70  50  18 ; ...
149  70  50  17 ; ...
150  70  49  16 ; ...
151  69  43  16 ; ...
152  68  39  16 ; ...
153  67  43  16 ; ...
154  67  43  16 ; ...
155  68  43  16 ; ...
156  68  43  16 ; ...
157  68  42  16 ; ...
158  67  45  16 ; ...
159  66  45  16 ; ...
160  65  46  16 ; ...
161  64  43  16 ; ...
162  63  43  16 ; ...
163  62  44  16 ; ...
164  61  44  16 ; ...
165  60  47  17 ; ...
166  59  47  17 ; ...
167  58  47  17 ; ...
168  57  47  17 ; ...
169  56  47  17 ; ...
170  54  46  17 ; ...
171  55  46  16 ; ...
172  53  44  16 ; ...
173  53  44  16 ; ...
174  56  44  16 ; ...
175  59  44  16 ; ...
176  60  44  16 ; ...
177  59  44  16 ; ...
178  59  43  16 ; ...
179  59  43  16 ; ...
180  58  43  16 ; ...
181  58  43  16 ; ...
182  59  44  16 ; ...
183  59  43  16 ; ...
184  61  44  17 ; ...
185  62  43  17 ; ...
186  66  43  18 ; ...
187  68  47  19 ; ...
188  70  48  20 ; ...
189  72  48  20 ; ...
190  74  47  20 ; ...
191  74  45  20 ; ...
192  74  43  20 ; ...
193  74  43  20 ; ...
194  73  44  21 ; ...
195  72  45  21 ; ...
196  69  45  21 ; ...
197  66  45  20 ; ...
198  62  47  20 ; ...
199  61  49  21 ; ...
200  60  49  21 ; ...
201  59  47  20 ; ...
202  58  45  19 ; ...
203  57  44  19 ; ...
204  57  46  20 ; ...
205  56  46  21 ; ...
206  53  46  21 ; ...
207  49  46  21 ; ...
208  50  47  22 ; ...
209  56  46  21 ; ...
210  59  45  21 ; ...
211  59  45  21 ; ...
212  57  43  20 ; ...
213  57  44  20 ; ...
214  57  46  20 ; ...
215  57  48  20 ; ...
216  59  49  20 ; ...
217  60  49  20 ; ...
218  62  49  20 ; ...
219  64  49  21 ; ...
220  66  48  21 ; ...
221  69  48  21 ; ...
222  70  47  21 ; ...
223  72  46  21 ; ...
224  73  47  22 ; ...
225  74  46  22 ; ...
226  74  45  22 ; ...
227  74  46  23 ; ...
228  74  46  23 ; ...
229  75  47  23 ; ...
230  76  47  23 ; ...
231  75  46  23 ; ...
232  74  46  23 ; ...
233  76  45  22 ; ...
234  80  46  22 ; ...
235  76  46  22 ; ...
236  72  46  22 ; ...
237  68  48  22 ; ...
238  68  47  22 ; ...
239  71  44  23 ; ...
240  71  41  22 ; ...
241  75  34  21 ; ...
242  76  32  21 ; ...
243  78  33  21 ; ...
244  78  32  20 ; ...
245  75  32  19 ; ...
246  73  33  19 ; ...
247  73  33  19 ; ...
248  72  36  20 ; ...
249  66  35  19 ; ...
250  63  35  18 ; ...
251  64  37  19 ; ...
252  65  39  18 ; ...
253  64  42  19 ; ...
254  64  43  18 ; ...
255  64  43  18 ; ...
256  66  44  19 ; ...
257  65  43  18 ; ...
258  65  42  19 ; ...
259  72  42  18 ; ...
260  72  39  17 ; ...
261  71  38  16 ; ...
262  72  36  16 ; ...
263  70  36  16 ; ...
264  70  35  16 ; ...
265  73  37  16 ; ...
266  76  40  16 ; ...
267  78  43  16 ; ...
268  77  43  16 ; ...
269  74  43  17 ; ...
270  70  44  17 ; ...
271  67  44  17 ; ...
272  65  44  18 ; ...
273  64  44  18 ; ...
274  63  44  18 ; ...
275  62  44  18 ; ...
276  61  44  18 ; ...
277  61  44  18 ; ...
278  61  44  18 ; ...
279  62  43  18 ; ...
280  65  42  18 ; ...
281  67  42  18 ; ...
282  68  41  18 ; ...
283  68  41  18 ; ...
284  69  46  18 ; ...
285  71  49  18 ; ...
286  72  49  18 ; ...
287  73  49  18 ; ...
288  76  47  18 ; ...
289  77  46  17 ; ...
290  75  46  17 ; ...
291  74  46  17 ; ...
292  73  50  18 ; ...
293  74  50  18 ; ...
294  76  48  18 ; ...
295  77  49  18 ; ...
296  76  49  18 ; ...
297  74  49  18 ; ...
298  72  48  17 ; ...
299  71  48  17 ; ...
300  72  47  16 ; ...
301  74  47  16 ; ...
302  75  47  16 ; ...
303  76  47  16 ; ...
304  76  48  16 ; ...
305  76  48  16 ; ...
306  76  50  16 ; ...
307  71  49  16 ; ...
308  72  50  16 ; ...
309  73  48  16 ; ...
310  74  47  16 ; ...
311  75  48  16 ; ...
312  75  44  16 ; ...
313  74  41  16 ; ...
314  73  39  16 ; ...
315  70  37  16 ; ...
316  67  36  16 ; ...
317  64  35  16 ; ...
318  58  38  16 ; ...
319  56  40  16 ; ...
320  54  43  16 ; ...
321  52  44  17 ; ...
322  49  45  17 ; ...
323  47  48  17 ; ...
324  47  46  17 ; ...
325  48  48  18 ; ...
326  49  50  18 ; ...
327  52  51  18 ; ...
328  54  51  18 ; ...
329  52  50  17 ; ...
330  52  50  17 ; ...
331  52  50  17 ; ...
332  55  51  18 ; ...
333  58  49  18 ; ...
334  60  47  18 ; ...
335  63  46  18 ; ...
336  67  45  17 ; ...
337  70  42  16 ; ...
338  71  42  16 ; ...
339  75  42  16 ; ...
340  75  41  16 ; ...
341  75  41  16 ; ...
342  74  40  16 ; ...
343  73  40  16 ; ...
344  72  39  16 ; ...
345  67  36  16 ; ...
346  63  35  16 ; ...
347  56  35  17 ; ...
348  51  35  17 ; ...
349  46  37  18 ; ...
350  42  37  18 ; ...
351  40  37  18 ; ...
352  40  37  19 ; ...
353  43  37  19 ; ...
354  45  38  19 ; ...
355  44  39  19 ; ...
356  44  40  20 ; ...
357  44  40  21 ; ...
358  46  41  21 ; ...
359  48  42  22 ; ...
360  49  43  23 ; ...
361  50  43  23 ; ...
362  51  41  22 ; ...
